  single nopoint
           lat     46.45000000000000         1.000000         0.000000    
          pair     990.0000000000000         1.000000         0.000000    
         alpha    0.1294824660000000         1.000000         0.000000    
           qnn     1.250000000000000         1.000000         0.000000    
         fwind     1.000000000000000         1.000000         0.000000    
           c10    1.7000000000000000E-03     1.000000         0.000000    
            cd    2.0000000000000000E-03     1.000000         0.000000    
          fgeo    0.5000000000000000         1.000000         0.000000    
          kmin    1.0000000000000000E-15     1.000000         0.000000    
            p1     1.085889760000000         1.000000         0.000000    
            p2     1.209428990000000         1.000000         0.000000    
          beta    0.3000000000000000         1.000000         0.000000    
         albsw    0.2000000000000000         1.000000         0.000000    
