			Time,      0,     -5,    -10,    -15,    -20,    -25,    -30,    -40,    -50,    -60,    -70
1967-05-10 12:00, 14.100, 10.800,  9.400,  8.400,  8.000,  7.800,  7.600,    NaN,  7.000,  6.700,    NaN
1967-08-30 12:00, 22.400, 20.100, 18.600, 15.300, 11.200,  9.700,  8.800,    NaN,  7.800,    NaN,    NaN
1967-10-09 12:00, 16.800, 15.900, 15.000, 14.600, 12.800, 10.000,  9.200,    NaN,  8.000,    NaN,    NaN
1967-11-10 12:00, 11.100, 11.000, 11.000, 10.800, 10.700, 10.600, 10.200,    NaN,  8.400,    NaN,    NaN
1968-05-09 12:00, 15.800, 10.800,  9.700,  8.600,  8.000,  7.100,  6.300,    NaN,  5.400,    NaN,    NaN
1968-09-02 12:00, 19.700, 17.100, 16.400, 16.200, 13.000,  9.300,  8.000,    NaN,  6.700,  6.200,    NaN
1968-11-07 12:00, 12.700, 12.300, 12.300, 12.200, 12.100, 11.600,  9.300,    NaN,  7.000,  6.400,    NaN
1968-12-03 12:00,  8.200,  8.200,  8.200,  8.200,  8.200,  8.200,  8.200,    NaN,  7.100,  6.700,    NaN
1969-01-09 12:00,  4.700,  4.800,  4.800,  4.800,  4.900,  4.900,  4.900,    NaN,  4.900,  4.600,    NaN
1969-02-20 12:00,  2.800,  2.800,  2.800,  2.800,  2.800,  2.800,  2.800,    NaN,  2.800,  2.900,    NaN
1969-05-21 12:00, 14.300, 11.200, 10.400,  9.500,  7.800,  6.400,  6.100,    NaN,  5.800,  5.600,    NaN
1969-08-25 12:00, 18.300, 18.100, 16.700, 16.400, 15.300, 10.200,  8.200,    NaN,  6.400,  6.200,    NaN
1969-10-23 12:00, 15.200, 14.200, 14.000, 13.700, 10.400,  9.000,  7.800,    NaN,  6.600,  6.400,    NaN
1969-11-11 12:00, 11.400, 11.100, 10.800, 10.300, 10.000,  9.700,  9.700,    NaN,  6.600,  6.400,    NaN
1970-03-10 12:00,  3.200,  3.200,  3.000,  2.900,  2.900,  2.900,  2.900,    NaN,  2.900,  2.900,    NaN
1970-05-25 12:00, 12.000, 10.800, 10.100,  9.200,  8.900,  6.800,  6.500,    NaN,  5.600,  5.400,    NaN
1970-09-07 12:00, 18.800, 18.500, 17.400, 14.800, 12.900,  9.900,  7.400,    NaN,  6.200,  5.900,    NaN
1970-11-12 12:00, 11.100, 10.400, 10.300, 10.200, 10.200,  9.800,  9.000,    NaN,  6.800,  6.600,    NaN
1971-05-24 12:00, 16.600, 15.900, 13.400,  9.400,  8.300,  7.200,  6.400,    NaN,  5.000,  5.000,    NaN
1971-08-30 12:00, 20.800, 19.600, 18.600, 13.900,  9.800,  9.000,  7.800,    NaN,  6.200,  5.600,    NaN
1971-11-16 12:00,  9.500,  9.400,  9.200,  9.200,  9.100,  9.000,  7.200,    NaN,  5.800,  5.500,    NaN
1972-02-16 12:00,  4.400,  3.900,  4.000,  3.800,  3.800,  3.800,  3.900,    NaN,  3.800,  3.800,    NaN
1972-08-29 12:00, 18.700, 18.300, 17.400, 15.700, 11.100,  9.700,  8.800,    NaN,  8.100,  7.200,    NaN
1972-11-15 12:00,  9.600,  8.900,  9.200,  9.000,  9.000,  9.200,  9.000,    NaN,  8.300,  7.800,    NaN
1973-01-17 12:00,  4.300,  4.300,  4.300,  4.300,  4.300,  4.300,  4.400,  4.400,  4.500,  4.500,  4.500
1973-02-15 12:00,  3.600,  3.600,  3.600,  3.600,  3.600,  3.600,  3.600,  3.600,  3.600,  3.600,  3.600
1973-02-27 12:00,  3.100,  3.000,  3.100,  3.200,  3.100,  3.000,  3.000,    NaN,  3.400,  3.500,    NaN
1973-03-15 12:00,  3.700,  3.700,  3.700,  3.700,  3.700,  3.700,  3.700,  3.800,  3.800,  3.800,  3.800
1973-04-15 12:00,  5.700,  5.600,  5.500,  5.300,  5.300,  5.300,  5.200,  5.200,  5.100,  5.100,  5.100
1973-05-09 12:00, 10.900, 10.800, 10.300,  8.400,  6.000,  5.900,  5.700,  5.400,  5.300,  5.300,  5.200
1973-05-14 12:00, 13.600, 12.300,  9.900,  8.000,  7.000,  6.300,  6.000,    NaN,  5.400,  5.300,    NaN
1973-06-12 12:00, 17.700, 16.800, 14.900, 10.900,  7.600,  6.800,  6.600,  6.000,  5.500,  5.300,  5.200
1973-07-09 12:00, 20.600, 19.800, 18.400, 12.200,  8.800,  7.200,  6.800,  6.100,  5.800,  5.600,  5.300
1973-08-13 12:00, 19.600, 18.700, 17.200, 13.400,  9.000,  7.100,  6.600,  6.100,  5.800,  5.600,  5.500
1973-08-27 12:00, 21.900, 20.500, 19.600, 14.600, 11.600,  8.300,  7.400,    NaN,  6.100,  5.800,    NaN
1973-09-19 12:00, 18.700, 18.600, 18.200, 17.600, 12.200,  9.500,  7.300,  6.500,  6.200,  6.000,  5.800
1973-10-22 12:00, 12.900, 12.600, 12.500, 12.500, 12.500,  8.300,  7.600,  6.800,  6.600,  5.900,  5.600
1973-11-06 12:00, 10.100, 10.000, 10.000, 10.100, 10.100, 10.100,  8.100,    NaN,  6.400,  6.100,    NaN
1973-11-12 12:00,  9.700,  9.600,  9.600,  9.600,  9.600,  8.600,  7.300,  6.700,  6.400,  6.100,  6.000
1973-12-11 12:00,  6.200,  6.200,  6.200,  6.200,  6.200,  6.200,  6.100,  6.100,  6.100,  6.100,  5.800
1974-01-21 12:00,  4.500,  4.500,  4.500,  4.500,  4.500,  4.500,  4.500,  4.500,  4.500,  4.500,  4.500
1974-02-11 12:00,  4.700,  4.500,  4.500,  4.400,  4.400,  4.400,  4.500,  4.500,  4.500,  4.500,  4.500
1974-03-05 12:00,  4.700,  4.600,  4.400,  4.500,  4.500,  4.600,  4.600,    NaN,  4.600,  4.600,    NaN
1974-03-11 12:00,  5.200,  4.700,  4.700,  4.600,  4.500,  4.600,  4.700,  4.700,  4.700,  4.700,  4.700
1974-04-16 12:00, 10.000, 10.000,  9.800,  7.000,  6.000,  5.500,  5.500,  6.500,  5.000,  5.000,  5.000
1974-05-07 12:00, 10.600, 10.600, 10.200,  9.200,  7.800,  6.800,  6.200,    NaN,  5.200,  5.100,    NaN
1974-05-14 12:00, 12.200, 11.300, 10.800,  9.100,  7.700,  6.200,  5.800,  5.500,  5.100,  5.000,  5.000
1974-06-10 12:00, 15.800, 15.700, 14.700, 11.000,  7.700,  6.900,  6.300,  5.800,  5.400,  5.200,  5.000
1974-07-15 12:00, 19.400, 18.600, 17.000, 13.300, 10.100,  7.500,  6.800,  6.300,  5.900,  5.500,  5.300
1974-08-12 12:00, 18.700, 18.500, 17.600, 15.200, 11.100,  8.300,  7.400,  6.400,  5.900,  5.600,  5.300
1974-09-03 12:00, 18.100, 18.100, 18.000, 15.100, 10.200,  8.000,  7.100,    NaN,  6.100,  5.800,    NaN
1974-09-10 12:00, 17.500, 17.300, 17.000, 16.400, 10.000,  7.700,  7.000,  6.300,  5.900,  5.600,  5.500
1974-10-14 12:00,  9.900,  9.900,  9.900,  9.800, 10.100, 10.000,  8.300,  6.500,  6.100,  5.800,  5.700
1974-11-06 12:00,  8.000,  8.000,  8.000,  8.000,  8.000,  8.000,  8.000,  8.000,  7.900,  6.400,    NaN
1974-11-11 12:00,  7.700,  7.700,  7.700,  7.700,  7.700,  7.700,  7.700,  7.700,  7.200,  6.200,  6.000
1974-12-09 12:00,  6.900,  6.900,  6.900,  6.900,  6.900,  6.900,  6.900,  6.900,  6.900,  6.900,  6.900
1975-01-13 12:00,  5.400,  5.400,  5.400,  5.400,  5.400,  5.400,  5.400,  5.400,  5.400,  5.400,  5.400
1975-02-10 12:00,  5.000,  5.000,  5.000,  5.000,  5.000,  5.000,  5.000,  5.000,  5.000,  5.000,  5.000
1975-02-24 12:00,  5.200,  5.000,  4.900,  4.900,  4.900,  4.900,  4.900,    NaN,  4.900,  4.900,    NaN
1975-03-10 12:00,  5.400,  5.300,  5.300,  5.200,  5.200,  5.200,  5.200,  5.200,  5.000,  4.900,  4.900
1975-05-12 12:00, 12.400, 11.200, 10.600,  9.500,  8.600,  7.600,  7.000,    NaN,  6.100,  5.900,    NaN
1975-08-25 12:00, 18.300, 18.000, 17.200, 16.100, 10.600,  8.400,  7.700,    NaN,  6.700,  6.400,    NaN
1975-11-11 12:00, 10.700, 10.700, 10.600, 10.600, 10.500,  9.900,  8.400,    NaN,  7.200,  6.900,    NaN
1977-02-21 12:00,  5.100,  5.100,  5.000,  4.800,  4.900,  4.800,    NaN,    NaN,  4.800,  4.900,    NaN
1977-05-17 12:00, 16.000, 11.000, 11.000,  9.800,  9.600,  8.600,  8.900,    NaN,  7.300,  7.300,    NaN
1977-09-05 12:00, 22.700, 19.000, 17.500, 17.200, 13.500, 11.800, 10.900,    NaN,  9.100,  9.100,    NaN
1977-11-07 12:00, 12.800, 12.600, 12.600, 12.400, 12.200, 11.900,  9.000,    NaN,  8.300,  7.700,    NaN
1979-02-09 12:00,  3.700,  3.700,  3.700,  3.700,  3.700,  3.700,  3.700,  3.700,    NaN,  3.700,  4.000
1979-02-21 12:00,  4.600,  4.400,  4.300,  4.300,  4.300,  4.300,  4.300,  4.300,  4.300,  4.400,  4.500
1979-03-15 12:00,  5.600,  5.400,  4.800,  4.500,  4.500,  4.400,  4.400,  4.400,  4.400,  4.400,  4.400
1979-04-18 12:00,  6.500,  6.400,  6.300,  6.100,  6.000,  6.000,  5.900,  5.800,    NaN,  5.800,  5.400
1979-05-19 12:00, 11.800, 10.200,  8.300,    NaN,    NaN,  6.700,    NaN,  6.000,    NaN,    NaN,  5.300
1979-06-14 12:00, 17.300, 17.200, 16.500, 12.300,  8.800,  8.100,  7.500,  6.200,    NaN,  5.300,  5.400
1979-07-11 12:00,    NaN, 17.800, 15.500, 13.700, 11.300,  8.700,  7.600,  7.100,    NaN,    NaN,    NaN
1979-08-17 12:00, 19.000, 18.900, 18.700, 12.200, 10.000,  8.100,  7.500,  6.900,    NaN,  6.200,  5.800
1979-09-13 12:00, 19.200, 18.600, 17.900, 15.200, 11.000,  8.400,  7.800,  7.300,    NaN,  6.600,  6.400
1979-10-16 12:00, 15.400, 15.400, 15.400, 14.700, 11.800,  8.600,  7.900,  7.300,    NaN,  6.600,  6.400
1979-11-12 12:00, 10.100, 10.100, 10.100, 10.100, 10.100, 10.000,  9.400,  7.400,  7.000,  6.800,  6.600
1979-11-15 12:00,  9.800,  9.800,  9.800,  9.800,  9.800,  9.600,  9.300,  7.800,    NaN,  6.900,  6.700
1979-12-13 12:00,  7.700,  7.700,  7.700,  7.700,  7.700,  7.700,  7.700,  7.700,  7.700,  7.700,  7.700
1980-01-14 12:00,  4.800,  4.800,  5.000,  5.000,  5.000,  5.000,  4.800,  4.800,    NaN,  4.800,  4.800
1980-02-19 12:00,  5.800,  5.000,  4.700,  4.600,  4.600,  4.600,  4.600,  4.700,  4.700,  4.800,  4.800
1980-02-20 12:00,  4.700,  4.600,  4.600,    NaN,    NaN,  4.600,    NaN,  4.700,    NaN,    NaN,  4.800
1980-03-13 12:00,  4.900,  4.900,  4.800,  4.700,  4.700,  4.700,  4.700,  4.700,  4.700,  4.700,  4.700
1980-04-18 12:00,  9.900,  9.100,  8.000,  6.700,  6.400,  6.300,  6.100,  6.100,  5.800,  5.500,  5.400
1980-05-21 12:00, 14.700, 13.000, 11.100, 10.300,  9.700,  7.700,  7.200,  6.400,  6.200,  6.000,  5.900
1980-06-17 12:00, 14.900, 14.800, 14.300, 12.500, 10.800,  8.200,  7.900,  6.800,  6.400,  6.100,  6.000
1980-07-15 12:00, 13.900, 13.700, 13.700, 13.400, 10.500,  8.600,  7.900,  7.100,  6.700,  6.400,  6.200
1980-08-12 12:00, 18.100, 18.100, 18.000, 15.300, 11.100, 10.000,  9.000,  7.800,  7.100,  6.600,  6.400
1980-09-16 12:00, 18.000, 17.000, 16.700, 15.100, 13.600,  9.700,  8.400,  7.500,  7.000,  6.700,  6.500
1980-10-14 12:00, 14.200, 14.200, 14.200, 14.100, 12.900,  9.900,  8.200,  7.600,  7.000,  6.800,  6.500
1980-11-13 12:00,  8.600,  8.600,  8.600,  8.600,  8.600,  8.600,  8.400,  8.000,  7.600,  7.200,  6.900
1980-11-20 12:00,  8.600,  8.400,  8.200,  8.200,  8.200,  8.200,  8.200,  8.100,  7.400,  7.200,  7.000
1980-12-19 12:00,  5.400,  5.400,  5.400,  5.400,  5.400,  5.400,  5.400,  5.400,  5.400,  5.400,  5.300
1981-01-16 12:00,  3.500,  3.600,  3.600,  3.600,  3.600,  3.600,  3.600,  3.700,  3.700,  3.700,  3.700
1981-02-17 12:00,  2.600,  2.700,  2.800,  2.800,  2.800,  2.800,  2.800,  3.000,  3.000,  3.200,  3.200
1981-02-20 12:00,  2.900,  2.800,  2.800,  2.800,  2.800,  2.800,  2.900,  3.000,  3.100,  3.100,  3.300
1981-03-19 12:00,  4.800,  4.400,  4.000,  4.000,  4.000,  4.000,  4.000,  3.900,  4.000,  4.000,  4.000
1981-04-01 12:00,  7.700,  7.100,    NaN,  5.900,  5.100,  4.800,  4.500,  4.500,  4.400,  4.300,  4.200
1981-04-14 12:00, 11.500, 11.300,  8.200,  6.900,  5.500,  5.000,  4.700,  4.600,  4.500,  4.300,  4.200
1981-04-28 12:00,  9.000,  9.100,  9.100,  8.900,  8.900,  8.800,  6.900,  5.800,  5.300,  5.100,  4.900
1981-05-12 12:00, 11.600, 10.600, 10.400,  9.600,  8.700,  6.800,  6.400,  5.700,  5.400,  5.300,  5.200
1981-05-25 12:00, 14.100, 14.100, 10.800,  7.800,  7.500,  6.900,  6.600,  6.200,  5.700,  5.500,  5.300
1981-06-09 12:00, 18.800, 16.500, 14.600,    NaN,  8.100,  7.400,  7.100,  6.400,  5.900,  5.700,  5.500
1981-06-24 12:00, 14.500, 14.300, 14.100, 12.100,  9.200,  7.500,  6.900,  6.300,  5.900,  5.700,  5.400
1981-07-14 12:00, 20.000, 19.600, 17.500, 12.600,  9.200,  7.600,  7.100,  6.500,  6.000,  5.800,  5.600
1981-07-28 12:00, 15.700, 15.700, 15.600,    NaN,  9.200,    NaN,  7.000,  6.400,  6.000,  5.700,  5.600
1981-08-11 12:00, 19.900, 19.900, 18.300, 13.800, 10.000,  7.800,  7.200,  6.500,  6.200,  5.800,  5.700
1981-08-25 12:00, 17.000, 17.000, 16.900, 13.300,  9.000,  7.200,  6.900,  6.400,  6.100,  5.800,  5.700
1981-09-22 12:00, 18.500, 18.000, 17.700, 15.900, 10.900,  8.600,  7.500,  6.800,  6.300,  6.000,  5.800
1981-10-06 12:00, 15.300, 15.300, 15.000, 14.100,  9.600,  7.700,  7.000,  6.500,  6.200,  5.900,  5.800
1981-10-27 12:00, 11.400, 11.400, 11.400, 11.300, 11.300, 10.800,  9.300,  7.800,  7.300,  6.800,  6.500
1981-11-02 12:00, 11.200, 10.900, 10.800, 10.600, 10.600, 10.100,  8.400,  6.700,  6.800,  6.600,  6.500
1981-11-17 12:00,  8.400,    NaN,    NaN,    NaN,    NaN,    NaN,    NaN,  7.700,  6.900,  6.500,  6.300
1982-01-12 12:00,  4.500,  4.500,  4.500,  4.500,  4.500,  4.500,  4.500,  4.600,  4.600,  4.600,  4.600
1982-02-09 12:00,  4.100,  4.100,  4.100,  4.200,  4.200,  4.200,  4.200,  4.300,  4.600,  4.400,  4.400
1982-03-01 12:00,  4.200,  4.200,  4.200,  4.200,  4.200,  4.200,  4.200,  4.200,  4.200,  4.200,    NaN
1982-03-09 12:00,  4.300,  3.900,  3.900,  3.900,  4.100,  4.000,  4.000,  4.000,  4.100,  4.100,  4.200
1982-04-05 12:00,  7.900,  6.800,  6.400,  5.100,  5.100,  5.000,  4.900,  4.800,  4.800,  4.800,  4.600
1982-04-20 12:00,  6.900,  6.900,  6.800,  6.500,  6.300,  6.100,  6.000,  5.900,  5.900,  5.800,  5.300
1982-05-06 12:00, 10.800,  9.600,  9.400,  9.100,  8.600,  7.800,  7.100,  6.400,  6.100,  5.900,  5.800
1982-05-18 12:00, 16.200, 14.000, 12.200,  8.800,  8.400,  7.800,  7.400,  6.800,  6.200,  6.000,  5.800
1982-06-02 12:00, 19.100, 15.900, 14.200, 11.600,  8.400,  7.500,  7.100,  6.600,  6.100,  6.000,  5.800
1982-06-15 12:00, 15.600, 15.600, 14.300, 11.000,  8.400,  7.700,  7.200,  6.600,  6.200,  6.000,  5.800
1982-06-29 12:00, 15.800, 15.800, 15.700, 14.300,  9.500,  8.200,  7.500,  6.800,  6.300,  6.100,  5.800
1982-07-13 12:00, 20.800, 20.500, 18.000, 14.200,  9.600,  8.200,  7.600,  7.000,  6.600,  6.400,  6.300
1982-07-27 12:00, 18.900, 18.900, 18.500, 14.900, 12.200,  9.500,  8.300,  7.400,  7.000,  6.700,  6.500
1982-08-10 12:00, 20.600, 18.900, 16.600, 15.500, 11.300,  7.900,  7.400,  6.800,  6.500,  6.300,  6.100
1982-08-24 12:00, 19.200, 18.400, 17.100, 15.300, 10.400,  8.200,  7.600,  7.000,  6.600,  6.300,  6.100
1982-09-21 12:00, 19.900, 19.800, 18.500, 15.400, 12.600,  8.500,  7.700,  7.000,  6.500,  6.300,  6.100
1982-10-05 12:00, 16.300, 16.200, 16.200, 16.100, 15.600,  9.800,  8.300,  7.200,  6.700,  6.300,  6.100
1982-11-02 12:00, 12.000, 11.900, 11.800, 11.800, 11.800, 11.100,  8.200,  7.300,  7.000,  6.700,  6.600
1982-12-07 12:00,  7.800,  7.800,  7.800,  7.800,  7.800,  7.800,  7.800,  7.800,  7.700,  6.600,  6.400
1983-01-04 12:00,  6.100,  6.100,  6.100,  6.100,  6.100,  6.100,  6.100,  6.100,  6.100,  6.100,  6.100
1983-03-01 12:00,  3.500,  3.500,  3.500,  3.500,  3.500,  3.500,  3.500,  3.500,  3.500,  3.600,  3.700
1983-03-15 12:00,  4.500,  4.500,  4.500,  4.500,  4.500,  4.500,  4.400,  4.200,  4.200,  4.100,  4.100
1983-03-29 12:00,  4.500,  4.500,  4.500,  4.600,  4.600,  4.700,  4.700,  4.700,  4.700,  4.600,  4.300
1983-04-13 12:00,  6.300,  6.200,  6.100,  5.900,  5.800,  5.800,  5.800,  5.800,  5.800,  5.700,  5.700
1983-04-26 12:00,  9.700,  9.600,  9.000,  6.900,  6.400,  6.200,  6.200,  6.100,  6.000,  5.900,  5.900
1983-05-10 12:00, 10.800, 10.800, 10.600,  9.200,  7.800,  7.300,  6.900,  6.300,  6.000,  5.900,  5.900
1983-05-24 12:00, 11.100, 11.100, 11.100, 10.600,  9.800,  8.000,  7.300,  6.700,  6.300,  6.200,  6.000
1983-06-07 12:00, 12.700, 12.500, 12.100,  9.700,  8.700,  7.500,  7.200,  6.700,  6.400,  6.200,  6.100
1983-06-21 12:00, 14.300, 14.100, 13.700, 13.500, 12.100,  8.500,  7.300,  6.800,  6.500,  6.400,  6.400
1983-07-19 12:00, 24.100, 23.900, 21.700, 13.600, 11.500,  9.100,  7.800,  7.200,  6.800,  6.600,  6.500
1983-08-02 12:00, 23.600, 23.800, 22.800, 13.000, 10.900,  8.700,  7.900,  6.900,  6.400,  6.100,  6.000
1983-08-30 12:00, 20.900, 20.900, 19.300, 15.200,  9.900,  8.100,  7.300,  6.700,  6.300,  6.100,  6.000
1983-09-13 12:00, 16.900, 16.800, 16.800, 16.500, 10.600,  8.100,  7.400,  6.800,  6.400,  6.100,  5.900
1983-09-27 12:00, 16.900, 16.300, 15.900, 15.300, 11.800,  8.100,  7.500,  6.700,  6.400,  6.100,  6.000
1983-10-11 12:00, 15.400, 15.400, 15.400, 15.400, 15.400, 11.400,  7.400,  6.600,  6.100,  5.900,  5.700
1983-11-15 12:00,  9.600,  9.600,  9.600,  9.600,  9.500,  9.300,  9.200,  7.900,  7.400,  7.200,  6.900
1984-02-16 12:00,  3.100,  3.400,  3.400,  3.500,  3.500,  3.500,  3.500,  3.500,  3.500,  3.500,  3.500
1984-03-06 12:00,  2.800,  2.800,  3.000,  3.000,  3.000,  3.000,  3.000,  3.000,  3.000,  3.000,  3.000
1984-03-20 12:00,  3.100,  3.200,  3.300,  3.400,  3.400,  3.400,  3.400,  3.500,  3.700,  3.700,  3.700
1984-04-03 12:00,  4.800,    NaN,    NaN,    NaN,    NaN,    NaN,  4.500,    NaN,  4.400,    NaN,  4.400
1984-04-17 12:00,  6.100,    NaN,    NaN,    NaN,    NaN,    NaN,  5.400,    NaN,  4.900,    NaN,  4.800
1984-05-01 12:00,  9.100,  9.100,  9.100,  8.300,  7.900,  7.500,  6.900,  6.200,  6.000,  5.900,  4.500
1984-05-15 12:00,  9.500,  9.600,  9.600,  9.400,  8.500,  7.400,  6.600,  6.000,  5.700,  5.500,  5.300
1984-05-29 12:00, 11.400, 11.600, 11.500, 11.400,  8.500,  7.100,  6.700,  6.200,  5.900,  5.600,  5.500
1984-06-12 12:00, 14.500, 13.900, 13.200, 11.500, 10.100,  8.400,  7.700,  6.700,  6.200,  5.800,  5.600
1984-06-26 12:00, 18.000, 17.800, 15.700, 11.300,  9.100,  7.700,  7.000,  6.400,  6.000,  5.800,  5.600
1984-07-10 12:00, 20.900, 19.800, 17.000, 11.900,  8.500,  8.200,  7.600,  6.800,  6.600,  6.200,  6.100
1984-07-24 12:00, 20.500, 20.500, 18.500, 13.500,  9.800,  8.300,  7.700,  7.000,  6.700,  6.300,  6.300
1984-08-07 12:00, 19.900, 19.900, 19.200, 14.300, 10.900,  9.000,  8.500,  7.200,  6.700,  6.200,  6.400
1984-08-21 12:00, 18.700, 18.600, 18.400, 14.700, 10.000,  8.700,  7.900,  7.200,  6.700,  6.500,  6.400
1984-09-04 12:00, 20.500, 20.300, 20.000, 16.300,  9.800,  8.400,  7.900,  7.400,  6.900,  6.600,  6.200
1984-09-18 12:00, 16.000, 16.000, 16.000, 14.600, 11.800,  8.800,  7.900,  7.200,  6.700,  6.500,  6.300
1984-10-02 12:00, 13.300, 13.500, 13.600, 13.600, 13.300,  9.800,  7.900,  7.000,  6.500,  6.200,  6.000
1984-10-16 12:00, 12.100, 12.400, 12.500, 12.500, 10.400,  8.200,  7.600,  6.900,  6.600,  6.300,  6.100
1984-11-13 12:00, 10.600, 10.600, 10.700, 10.700, 10.700, 10.400,  8.100,  7.200,  6.700,  6.400,  6.200
1984-12-11 12:00,  7.700,  8.100,  8.200,  8.300,  8.300,  8.300,  8.200,  8.200,  7.000,  6.600,  6.400
1985-01-22 12:00,  3.200,  3.300,  3.500,  3.600,  3.600,  3.700,  3.700,  3.800,  3.600,  3.500,  3.600
1985-02-26 12:00,  2.200,  2.300,  2.400,  2.500,  2.700,  2.700,  2.700,  2.800,  2.800,  2.800,  3.000
1985-03-13 12:00,  3.200,  3.300,  3.400,  3.400,  3.400,  3.400,  3.400,  3.400,  3.500,  3.500,  3.600
1985-03-26 12:00,  3.600,  3.800,  3.800,  3.700,  3.700,  3.700,  3.700,  3.700,  3.700,  3.700,  3.800
1985-04-09 12:00,  7.000,  7.000,  6.200,  5.600,  5.300,  5.300,  4.900,  4.800,  4.600,  4.300,  4.200
1985-04-23 12:00, 10.400,  8.900,  6.900,  6.100,  6.000,  5.900,  5.900,  5.700,  5.600,  5.400,  5.300
1985-05-07 12:00,  8.200,  8.300,  8.200,  7.600,  7.300,  6.900,  6.500,  6.000,  6.000,  5.800,  5.800
1985-05-21 12:00, 12.500, 12.900, 10.900,  9.500,  8.700,  7.800,  7.500,  7.000,  6.600,  6.300,  6.100
1985-06-04 12:00, 17.400, 15.900, 14.400, 10.600,  8.200,  7.800,  7.400,  6.800,  6.500,  6.300,  6.100
1985-06-18 12:00, 15.100, 14.400, 13.200, 12.200, 10.200,  8.300,  7.700,  7.100,  6.700,  6.500,  6.300
1985-07-02 12:00, 18.600, 16.800, 15.800, 13.900,  9.600,  8.500,  7.900,  7.200,  6.900,  6.600,  6.400
1985-07-16 12:00, 21.700, 21.600, 17.700, 12.900, 10.700,  8.200,  7.800,  7.200,  6.700,  6.500,  6.400
1985-07-30 12:00, 20.800, 20.600, 20.600, 14.700, 10.900,  8.900,  8.400,  7.500,  7.000,  6.700,  6.400
1985-08-13 12:00, 20.500, 19.800, 18.200, 12.900, 10.700,  8.700,  8.100,  7.500,  7.100,  6.700,  6.500
1985-08-27 12:00, 19.300, 19.500, 18.700, 15.100, 10.100,  8.600,  8.100,  7.700,  7.200,  6.900,  6.600
1985-09-10 12:00, 16.800, 17.100, 17.000, 15.700, 11.000,  9.200,  8.500,  7.800,  7.200,  6.800,  6.600
1985-09-24 12:00, 19.600, 19.500, 17.800, 16.200, 11.500,  9.100,  8.200,  7.700,  7.300,  6.900,  6.700
1985-10-09 12:00, 17.800, 18.400, 18.400, 18.000, 11.000,  9.000,  8.300,  7.800,  7.400,  7.000,  6.700
1985-10-22 12:00, 13.800, 14.300, 14.400, 14.400, 14.100,  9.600,  8.400,  7.800,  7.300,  7.000,  6.800
1985-11-25 12:00,  7.500,  7.800,  7.800,  7.800,  7.800,  7.800,  7.800,  7.800,  7.500,  7.200,  7.000
1985-12-18 12:00,  6.200,  6.400,  6.500,  6.500,  6.500,  6.500,  6.500,  6.500,  6.600,  6.500,  6.500
1986-01-21 12:00,  4.400,  4.700,  4.800,  4.800,  4.800,  4.800,  4.800,  4.800,  4.800,  4.800,  4.800
1986-02-17 12:00,  2.700,  2.700,  2.900,  2.900,  3.000,  3.000,  3.000,  3.100,  3.200,  3.300,  3.200
1986-03-11 12:00,  2.200,  2.500,  2.500,  2.600,  2.700,  2.800,  2.900,  3.000,  3.200,  3.200,  3.100
1986-03-12 12:00,  2.800,  2.800,  2.700,  2.700,  2.700,  2.700,  2.700,  2.700,  2.800,  3.100,  3.200
1986-04-08 12:00,  4.600,  4.600,  4.800,  4.700,  4.700,  4.700,  4.800,  4.800,  4.800,  4.600,  4.400
1986-04-22 12:00,  5.700,  5.900,  5.900,  5.900,  5.900,  5.900,  5.900,  5.600,  5.600,  5.300,  5.100
1986-05-06 12:00, 12.700, 10.600,  9.100,  7.100,  6.700,  6.600,  6.100,  5.600,  5.400,  5.300,  5.200
1986-05-20 12:00, 15.800, 13.700, 11.400,  7.900,  7.000,  6.500,  6.100,  5.600,  5.400,  5.200,  5.200
1986-06-17 12:00, 17.900, 13.500, 12.000, 11.100, 10.100,  6.900,  6.200,  5.900,  5.600,  5.400,  5.300
1986-07-02 12:00, 20.300, 19.000, 17.100, 11.200, 10.000,  7.300,  6.400,  6.000,  5.700,  5.600,  5.400
1986-07-15 12:00, 17.100, 17.200, 16.800, 12.500,  9.800,  7.100,  6.200,  5.800,  5.500,  5.400,  5.300
1986-07-29 12:00, 22.600, 20.000, 17.900, 10.900,  8.800,  7.200,  6.400,  5.900,  5.600,  5.500,  5.400
1986-08-28 12:00, 17.600, 17.800, 17.700, 14.100,  9.200,  7.700,  7.100,  6.400,  6.000,  5.600,  5.500
1986-09-24 12:00, 16.600, 16.700, 16.700, 15.600,  9.600,  7.800,  6.900,  6.300,  5.900,  5.600,  5.500
1986-10-07 12:00, 16.900, 16.900, 16.200, 15.800, 10.800,  7.600,  6.900,  6.300,  6.000,  5.700,  5.500
1986-10-30 12:00, 11.800, 12.200, 12.300, 12.400, 11.600,  8.600,  7.500,  6.800,  6.500,  6.100,  5.900
1986-11-10 12:00, 10.900, 10.800, 10.800, 10.700, 10.700, 10.600,  8.500,  7.100,  6.500,  6.000,  5.900
1986-11-18 12:00,  9.700, 10.200, 10.300, 10.300, 10.300, 10.300,  8.000,  6.700,  6.300,  6.000,  5.800
1986-12-16 12:00,  7.600,  7.600,  7.600,  7.600,  7.600,  7.600,  7.600,  7.600,  7.600,  6.400,  6.200
1987-01-19 12:00,  3.200,  3.500,  3.600,  3.800,  3.800,  3.800,  3.800,  3.800,  3.700,  3.700,  3.600
1987-02-10 12:00,  2.200,  2.300,  2.600,  2.700,  2.700,  2.800,  2.800,  3.000,  3.100,  3.100,  3.500
1987-03-10 12:00,  3.000,  3.300,  3.300,  3.400,  3.400,  3.400,  3.400,  3.400,  3.400,  3.400,  3.600
1987-03-31 12:00,  4.200,  4.200,  4.200,  4.200,  4.200,  4.200,  4.200,  4.200,  4.200,  4.200,  4.200
1987-04-07 12:00,  5.800,  4.900,  4.500,  4.500,  4.500,  4.500,  4.500,  4.600,  4.600,  4.700,  4.700
1987-04-21 12:00,  9.100,  8.400,  7.900,  7.400,  6.500,  5.500,  5.200,    NaN,  4.600,  4.600,  4.600
1987-05-04 12:00, 11.200, 11.300, 11.300,  7.100,  5.600,  5.400,  5.300,  4.900,  4.800,  4.700,  4.600
1987-05-05 12:00, 10.200, 10.400, 10.000,  6.400,  5.900,  5.300,  5.200,    NaN,  4.700,  4.600,  4.600
1987-05-18 12:00, 10.400, 10.400,  9.800,  9.400,  8.800,  7.300,  6.400,    NaN,  5.100,  4.900,  4.800
1987-06-02 12:00, 15.200, 12.600, 11.800, 10.400,  8.300,  7.000,  6.100,    NaN,  5.300,  5.100,  4.900
1987-06-15 12:00, 14.500, 14.800, 12.100, 11.600, 10.100,  7.500,  7.000,    NaN,  5.500,  5.100,  5.000
1987-06-30 12:00, 21.300, 15.000, 13.400, 12.400, 10.600,  7.900,  6.600,    NaN,  5.500,  5.100,  5.000
1987-07-14 12:00, 20.300, 18.000, 16.300, 13.800, 10.900,  8.800,  7.200,    NaN,  5.400,  5.100,  5.000
1987-07-28 12:00, 17.400, 17.400, 17.000, 12.000,  7.800,  7.100,  6.700,    NaN,  5.600,  5.300,  5.100
1987-08-10 12:00, 17.900, 17.100, 16.900, 15.500, 10.200,  8.700,  7.400,    NaN,  5.900,  5.500,  5.200
1987-08-28 12:00, 19.100, 18.600, 18.300, 16.300, 11.200,  7.800,  7.200,    NaN,  5.800,  5.500,  5.300
1987-09-08 12:00, 19.200, 19.400, 19.300, 17.500, 13.000,  9.100,  7.800,    NaN,  5.900,  5.600,  5.400
1987-09-22 12:00, 20.900, 20.900, 19.200, 15.200, 11.300,  8.000,  7.100,    NaN,  6.000,  5.500,  5.300
1987-10-14 12:00, 12.900, 13.700, 13.700, 13.700, 13.700,  9.200,  7.600,    NaN,  6.900,  5.800,  5.500
1987-10-20 12:00, 12.800, 13.400, 13.400, 13.300, 12.800, 10.000,  7.800,    NaN,  6.100,  5.700,  5.500
1987-10-28 12:00, 12.800, 13.100, 13.100, 13.200, 12.300, 10.100,  8.100,    NaN,  6.200,  5.900,  5.600
1987-11-02 12:00, 12.700, 13.000, 13.100, 13.100, 12.300,  9.300,  7.600,    NaN,  6.100,  5.800,  5.600
1987-11-04 12:00, 12.400, 12.400, 12.400, 12.400, 12.000,  9.600,  8.400,  7.200,  6.600,  6.300,  5.600
1987-11-17 12:00, 10.300, 10.500, 10.500, 10.500, 10.500, 10.500, 10.400,    NaN,  6.700,  6.500,  6.200
1987-12-15 12:00,  6.300,  6.800,  6.900,  6.900,  6.800,  6.800,  6.800,    NaN,  6.500,  6.300,  6.000
1988-01-12 12:00,  5.400,  6.200,  6.200,  6.300,  6.300,  6.300,  6.300,    NaN,  6.400,  6.300,  6.300
1988-02-15 12:00,  4.800,  5.000,  5.100,  5.100,  5.100,  5.100,  5.100,    NaN,  5.100,  5.100,  5.100
1988-03-08 12:00,  4.400,  4.600,  4.500,  4.500,  4.500,  4.500,  4.500,    NaN,  4.500,  4.500,  4.600
1988-03-17 12:00,  4.800,  4.800,  4.800,  4.800,  4.800,  4.800,  4.800,  4.800,  4.800,  4.800,  4.800
1988-03-22 12:00,  4.500,  5.200,  5.200,  5.200,  5.200,  5.200,  5.200,    NaN,  4.900,  4.900,  5.100
1988-04-05 12:00,  6.200,  6.300,  6.300,  5.700,  5.500,  5.500,  5.500,    NaN,  5.400,  5.400,  5.300
1988-04-19 12:00, 11.900,  9.100,  8.400,  7.900,  7.200,  6.600,  6.300,    NaN,  5.800,  5.700,  5.600
1988-05-03 12:00, 11.000, 11.100, 11.100, 10.100,  8.900,  7.400,  6.800,    NaN,  6.100,  5.900,  5.700
1988-05-17 12:00, 15.300, 15.400, 13.000, 11.000,  7.900,  7.200,  6.800,    NaN,  6.100,  5.900,  5.800
1988-05-31 12:00, 14.600, 14.700, 14.600,  9.200,  7.700,  7.100,  6.800,    NaN,  6.100,  5.900,  5.800
1988-06-14 12:00, 17.500, 15.900, 14.600, 13.200,  9.400,  8.100,  7.300,    NaN,  6.300,  6.000,  5.900
1988-06-28 12:00, 19.100, 19.200, 17.600, 13.900,  9.400,  8.000,  7.300,    NaN,  6.300,  6.000,  5.900
1988-07-12 12:00, 21.500, 20.500, 19.700, 13.300,  8.300,  7.400,  7.200,    NaN,  6.400,  6.200,  6.000
1988-07-26 12:00, 22.700, 21.300, 19.400, 15.400,  9.200,  7.700,  7.200,    NaN,  6.300,  6.100,  6.000
1988-08-09 12:00, 21.300, 21.100, 19.300, 14.700,  9.700,  7.900,  7.300,    NaN,  6.400,  6.100,  6.000
1988-08-23 12:00, 20.800, 20.800, 19.600, 15.400,  8.600,  7.600,  7.200,    NaN,  6.500,  6.200,  6.000
1988-09-06 12:00, 17.900, 18.000, 17.600, 16.300,  9.700,  8.000,  7.500,    NaN,  6.400,  6.200,  6.100
1988-09-20 12:00, 16.200, 16.400, 16.300, 14.800,  9.200,  7.700,  7.300,    NaN,  6.500,  6.100,  6.100
1988-10-04 12:00, 15.000, 15.600, 15.600, 15.600, 13.000,  8.100,  7.500,    NaN,  6.600,  6.300,  6.100
1988-10-18 12:00, 14.100, 14.400, 14.100, 13.600, 13.100,  9.200,  7.600,    NaN,  6.600,  6.300,  6.200
1988-11-02 12:00, 12.200, 12.200, 12.200, 12.200, 12.100, 11.300,  8.000,  6.100,  5.800,  6.400,  6.200
1988-11-08 12:00, 10.000, 10.800, 10.900, 10.900, 10.900, 10.700,  8.600,    NaN,  6.800,  6.500,  6.300
1988-12-13 12:00,  7.200,  7.200,  7.200,  7.200,  7.200,  7.200,  7.200,    NaN,  7.100,  7.100,  7.000
1989-03-06 12:00,  7.600,  5.900,  5.200,  5.200,  5.100,  5.100,  5.100,  5.000,  5.000,  5.200,  5.200
1989-11-27 12:00,  8.400,  8.300,  8.400,  8.300,  8.400,  8.400,  8.400,  8.100,  7.800,  7.400,  7.100
1990-03-06 12:00,  6.400,  6.000,  5.700,  5.700,  5.700,  5.700,  5.700,  5.700,  5.600,  5.600,  5.600
1990-11-05 12:00,    NaN, 11.500, 11.500, 11.500, 11.500, 11.500,  9.700,  8.100,  7.700,  7.500,  7.300
1991-03-04 12:00,  3.900,  3.800,  3.800,  3.700,  3.500,  3.700,  3.600,  3.800,  3.700,  4.100,  4.300
1991-11-18 12:00,  9.200,  9.200,  9.200,  9.200,  9.200,  9.100,  9.100,  7.600,  6.900,  6.800,  6.800
1992-03-10 12:00,  5.900,  5.100,  4.800,  4.400,  4.100,  4.000,  4.000,  4.000,  4.100,  4.100,  4.200
1992-11-23 12:00,  8.600,  8.600,  8.600,  8.600,  8.600,  8.600,  8.600,  8.500,  8.500,  8.300,  7.300
1993-03-16 12:00,  6.200,  6.000,  4.500,  4.200,  4.200,  4.200,  4.200,  4.200,  4.200,  4.300,  4.300
1993-08-27 12:00, 18.100, 18.200, 18.200, 16.400,  9.400,  6.900,  6.900,  5.800,  5.400,  5.300,  5.100
1993-09-02 12:00, 17.000, 17.000, 16.900, 15.500,  9.100,  6.900,  6.100,  5.700,  5.400,  5.300,  5.100
1993-09-09 12:00, 16.700, 16.700, 16.700, 16.300,  9.500,  7.100,  6.500,  5.800,  5.600,  5.300,  5.100
1993-09-16 12:00, 15.400, 15.400, 15.400, 15.400, 15.400,  9.100,  8.600,  6.700,  6.000,  5.900,  5.400
1993-09-23 12:00, 16.800, 16.800, 16.100, 15.200, 10.200,  7.200,  6.500,  6.000,  5.600,  5.300,  5.100
1993-11-09 12:00,  9.800,  9.800,  9.800,  9.800,  9.800,  9.300,  7.000,  5.900,  5.600,  5.200,  5.100
1994-02-28 12:00,  4.750,  4.700,  4.680,  4.680,  4.670,  4.640,  4.650,  4.630,  4.660,  4.740,  5.030
1994-03-22 12:00,  6.780,  6.690,  6.510,  6.460,  6.180,  6.050,  5.850,  5.740,  5.690,  5.630,  5.540
1994-04-14 12:00,  7.080,  7.050,  6.990,  6.980,  6.980,  6.970,  6.970,  6.940,  6.920,  6.900,  6.150
1994-05-02 12:00, 11.090, 11.020,  9.220,  7.160,  7.020,  6.970,  6.920,  6.890,  6.840,  6.500,  6.420
1994-05-31 12:00, 14.070, 14.000, 13.230, 11.480, 10.880,  9.200,  7.870,  7.330,  7.030,  6.890,  6.780
1994-06-30 12:00, 22.340, 20.910, 16.190, 13.000, 11.570,  9.090,  7.870,  7.310,  7.020,  6.850,  6.730
1994-07-26 12:00, 22.810, 21.190, 19.910, 15.850, 11.740,  9.550,  8.120,  7.340,  6.990,  6.810,  6.710
1994-08-09 12:00, 23.000, 22.990, 21.730, 16.970, 11.780,  9.580,  8.240,  7.360,  7.050,  6.880,  6.740
1994-09-06 12:00, 19.390, 19.390, 18.920, 17.880, 11.530,  9.340,  8.370,  7.500,  7.140,  6.930,  6.790
1994-10-17 12:00, 13.690, 13.690, 13.680, 13.470, 13.230,  9.050,  8.180,  7.580,  7.210,  6.980,  6.810
1994-11-23 12:00, 11.110, 11.110, 11.110, 11.110, 11.110, 11.010,  9.630,  7.860,  7.350,  7.080,  6.900
1994-12-13 12:00,  9.460,  9.470,  9.470,  9.470,  9.470,  9.470,  9.310,  8.230,  7.440,  7.150,  7.000
1995-01-19 12:00,  5.080,  5.080,  5.080,  5.080,  5.070,  5.030,  5.010,  4.970,  4.940,  4.890,    NaN
1995-02-20 12:00,  5.790,  5.780,  5.740,  5.740,  5.720,  5.720,  5.700,  5.700,  5.650,  5.650,  5.700
1995-03-22 12:00,  5.980,  5.980,  5.980,  5.990,  5.980,  5.980,  5.990,  5.990,  5.980,  5.980,  5.980
1995-04-19 12:00,  8.870,  8.840,  8.810,  8.700,  8.670,  8.540,  8.390,  6.560,  6.360,  6.240,  6.200
1995-05-23 12:00, 12.020, 11.930, 11.020, 10.920, 10.220,  9.510,  8.310,  7.200,  6.760,  6.600,  6.510
1995-06-22 12:00, 18.240, 17.000, 14.170, 12.710, 10.320,  9.020,  8.100,  7.420,  7.050,  6.790,  6.630
1995-07-20 12:00, 21.670, 20.150, 18.120, 16.860, 13.700, 10.090,  8.550,  7.500,  7.050,  6.760,  6.620
1995-08-15 12:00, 19.840, 19.850, 19.840, 17.380, 13.560, 10.540,  8.580,  7.760,  7.120,  6.770,  6.680
1995-09-13 12:00, 16.200, 16.200, 15.920, 15.630, 14.320,  9.690,  8.560,  7.840,  7.340,  7.040,  6.790
1995-10-04 12:00, 14.710, 14.710, 14.500, 14.410, 13.950, 10.920,  8.660,  7.780,  7.320,  7.020,  6.830
1995-11-07 12:00, 11.960, 11.980, 11.980, 11.970, 11.900, 11.020,  8.970,  7.810,  7.410,  7.160,  6.920
1995-12-07 12:00,  8.300,  8.310,  8.300,  8.300,  8.300,  8.300,  8.300,  7.840,  7.450,  7.210,  7.030
1996-01-30 12:00,  5.080,  5.090,  5.090,  5.090,  5.100,  5.110,  5.100,  5.100,  5.100,  5.130,  5.140
1996-02-28 12:00,  4.000,  3.980,  3.950,  3.950,  3.930,  3.910,  3.930,  3.970,  3.960,  4.110,  4.190
1996-03-27 12:00,  5.800,  5.800,  5.800,  5.760,  5.630,  4.830,  4.510,  4.260,  4.240,  4.240,  4.260
1996-05-01 12:00, 12.740, 12.530,  9.390,  6.790,  6.240,  5.950,  5.730,  5.500,  5.370,  5.050,  5.000
1996-05-22 12:00, 14.160, 13.830, 13.670, 10.760,  6.920,  6.210,  5.860,  5.560,  5.360,  5.240,  5.110
1996-06-18 12:00, 19.830, 19.420, 18.060, 16.970,  8.800,  6.940,  6.340,  5.800,  5.570,  5.360,  5.210
1996-07-19 12:00, 17.620, 17.600, 17.550, 15.500, 10.900,  7.570,  6.760,  6.190,  5.860,  5.580,  5.330
1996-08-14 12:00, 19.690, 19.540, 19.440, 19.350, 11.600,  7.390,  6.690,  6.180,  5.780,  5.500,  5.370
1996-09-18 12:00, 15.280, 15.280, 15.290, 15.280, 14.500,  8.840,  7.160,  6.300,  5.910,  5.610,  5.440
1996-10-09 12:00, 13.900, 13.900, 13.890, 13.890, 12.460,  8.380,  7.040,  6.310,  5.950,  5.610,  5.500
1996-11-19 12:00,  9.640,  9.650,  9.650,  9.650,  9.650,  9.650,  9.650,  9.360,  6.700,  6.250,  5.890
1996-12-17 12:00,  6.610,  6.610,  6.620,  6.620,  6.620,  6.610,  6.600,  6.600,  6.600,  6.420,  6.360
1997-01-23 12:00,  3.800,  3.800,  3.840,  3.880,  3.900,  3.930,  3.940,  4.090,  3.960,  3.940,  4.120
1997-03-07 12:00,  5.340,  5.330,  5.330,  5.330,  5.330,  5.330,  5.360,  4.980,  4.960,  5.000,  5.000
1997-03-20 12:00,  7.630,  7.610,  7.060,  6.930,  6.900,  6.700,  6.630,  5.440,  5.090,  4.930,  4.950
1997-04-23 12:00,  8.320,  8.290,  8.180,  8.130,  7.980,  7.800,  7.500,  7.230,  6.960,  6.350,  5.920
1997-05-15 12:00, 14.160, 13.430, 10.990, 10.450,  9.390,  8.570,  8.190,  7.530,  7.090,  6.690,  6.510
1997-06-12 12:00, 21.280, 19.600, 16.500, 13.780, 12.330,  9.450,  8.630,  7.680,  7.190,  6.840,  6.680
1997-07-10 12:00, 16.560, 16.270, 16.170, 14.750, 13.560, 10.190,  8.590,  7.660,  7.320,  6.870,  6.780
1997-08-07 12:00, 19.700, 19.620, 17.400, 16.470, 13.890, 10.430,  9.000,  7.920,  7.390,  7.030,  6.830
1997-09-11 12:00, 18.570, 18.570, 18.130, 17.260, 14.830, 11.150,  9.040,  7.990,  7.410,  7.070,  6.920
1997-10-08 12:00, 17.460, 17.470, 17.450, 17.430, 14.960,  9.770,  8.640,  7.930,  7.540,  7.190,  6.950
1997-11-11 12:00, 10.510, 10.520, 10.520, 10.520, 10.520, 10.520, 10.500,  8.260,  7.490,  7.280,  7.130
1997-12-11 12:00,  7.860,  7.860,  7.860,  7.870,  7.870,  7.860,  7.860,  7.860,  7.850,  7.790,  7.620
1998-01-21 12:00,  6.040,  6.050,  6.050,  6.050,  6.050,  6.040,  6.050,  6.040,  6.030,  6.010,  6.010
1998-02-25 12:00,  5.090,  5.100,  5.100,  5.040,  5.010,  4.970,  4.960,  4.830,  4.790,  4.780,  4.760
1998-03-24 12:00,  6.080,  6.080,  6.070,  6.010,  5.820,  5.770,  5.670,  5.630,  5.590,  5.550,    NaN
1998-04-22 12:00,  8.950,  8.270,  7.760,  7.530,  7.450,  7.260,  7.040,  6.590,  6.300,  5.960,  5.820
1998-05-20 12:00, 15.450, 13.970, 13.570, 13.250, 12.030, 10.790,  9.550,  7.590,  7.020,  6.680,  6.500
1998-06-17 12:00, 16.860, 16.600, 16.500, 15.080,  9.600,  8.120,  7.630,  7.080,  6.580,  6.370,  6.200
1998-07-15 12:00, 19.350, 19.010, 18.840, 17.230, 12.370,  9.640,  8.190,  7.410,  7.100,  6.770,  6.390
1998-08-12 12:00, 24.440, 22.860, 19.810, 17.540, 11.050,  8.530,  7.810,  7.220,  6.830,  6.530,  6.360
1998-09-23 12:00, 14.960, 14.970, 14.970, 14.960, 13.570,  9.110,  7.940,  7.330,  7.010,  6.660,  6.490
1998-10-14 12:00, 13.900, 13.900, 13.910, 13.910, 13.900, 11.110,  8.640,  7.600,  7.220,  6.840,  6.580
1998-11-12 12:00, 10.010, 10.010, 10.010, 10.010, 10.000,  9.980,  9.950,  9.460,  7.990,  7.350,  7.050
1998-12-09 12:00,  6.230,  6.240,  6.250,  6.250,  6.250,  6.260,  6.260,  6.250,  6.200,  6.100,  6.080
1999-01-20 12:00,  4.690,  4.700,  4.700,  4.700,  4.700,  4.700,  4.710,  4.740,  4.750,  4.770,  4.750
1999-02-24 12:00,  3.310,  3.300,  3.310,  3.310,  3.330,  3.330,  3.330,  3.330,  3.330,  3.350,  3.410
1999-03-29 12:00,  6.350,  6.330,  6.290,  5.960,  5.750,  5.500,  5.370,  5.250,  5.060,  4.680,  4.700
1999-04-21 12:00,  7.630,  7.550,  7.330,  7.290,  7.250,  7.080,  6.830,  5.870,  5.460,  5.280,  5.120
1999-06-16 12:00, 14.720, 14.540, 13.970, 12.640, 12.040, 11.170,  9.230,  7.220,  6.270,  5.770,  5.560
1999-07-27 12:00, 19.010, 18.720, 17.900, 16.870, 13.500,  9.620,  8.460,  7.140,  6.410,  5.940,  5.750
1999-08-18 12:00, 19.220, 19.180, 18.890, 17.720, 15.040, 10.660,  8.750,  7.360,  6.650,  6.240,  5.950
1999-09-15 12:00, 21.120, 21.100, 19.000, 17.910, 14.530,  9.470,  8.390,  7.130,  6.500,  6.080,  5.910
1999-10-06 12:00, 15.690, 15.690, 15.620, 15.560, 14.720, 10.170,  8.360,  7.300,  6.630,  6.250,  6.040
1999-10-13 12:00, 14.900, 14.900, 14.900, 14.900, 14.440, 11.180,  8.670,  7.440,  6.700,  6.270,  6.050
1999-11-11 12:00, 11.940, 11.950, 11.950, 11.950, 11.950, 11.770,  9.670,  7.810,  6.780,  6.520,  6.200
1999-12-15 12:00,  6.930,  6.930,  6.950,  6.950,  6.950,  6.950,  6.950,  6.950,  6.950,  6.940,  6.910
2000-01-19 12:00,  4.970,  4.970,  4.980,  4.980,  4.970,  4.980,  4.980,  4.980,  5.060,  5.070,  5.070
2000-02-23 12:00,  4.590,  4.530,  4.520,  4.520,  4.520,  4.510,  4.520,  4.510,  4.490,  4.480,  4.490
2000-03-21 12:00,  6.550,  6.270,  6.230,  6.200,  5.880,  5.600,  5.530,  5.470,  5.360,  5.220,  5.180
2000-04-19 12:00,  8.450,  8.260,  8.210,  7.620,  7.390,  7.080,  6.800,  6.590,  6.310,  6.170,  6.080
2000-05-18 12:00, 17.950, 17.910, 14.380,  8.210,  7.400,  7.100,  6.940,  6.620,  6.420,  6.270,  6.090
2000-06-21 12:00, 21.840, 20.520, 17.600, 13.910,  9.770,  8.060,  7.450,  6.990,  6.710,  6.480,  6.330
2000-07-17 12:00, 16.880, 16.550, 15.770, 15.380, 12.500,  8.050,  7.590,  7.030,  6.800,  6.520,  6.370
2000-08-16 12:00, 23.030, 21.860, 18.110, 16.720, 12.050,  8.340,  7.600,  7.140,  6.780,  6.570,  6.410
2000-09-13 12:00, 19.680, 19.670, 18.390, 17.540, 12.740,  8.820,  7.860,  7.220,  6.820,  6.590,  6.470
2000-10-16 12:00, 14.650, 14.650, 14.650, 14.620, 13.570,  9.130,  7.740,  7.220,  6.880,  6.660,  6.510
2000-11-08 12:00, 11.640, 11.650, 11.660, 11.660, 11.650, 11.620, 11.530,  7.460,  7.120,  6.770,  6.620
2000-12-06 12:00,  9.080,  9.090,  9.090,  9.090,  9.090,  9.090,  9.070,  8.110,  7.350,  7.010,  6.820
2001-01-17 12:00,  6.240,  6.260,  6.250,  6.250,  6.250,  6.260,  6.270,  6.250,  6.130,  6.020,  6.010
2001-02-21 12:00,  5.580,  5.550,  5.550,  5.540,  5.540,  5.540,  5.540,  5.550,  5.550,  5.550,  5.630
2001-03-23 12:00,  6.710,  6.620,  6.600,  6.590,  6.590,  6.570,  6.540,  6.420,  6.360,  6.280,  6.150
2001-04-25 12:00,  8.430,  8.410,  8.320,  8.100,  7.980,  7.880,  7.780,  7.670,  7.430,  6.700,  6.430
2001-06-29 12:00, 20.220, 19.710, 16.640, 14.540, 11.130,  8.860,  8.260,  7.730,  7.510,  7.240,  7.070
2001-07-25 12:00, 19.690, 19.040, 17.340, 16.130, 13.780, 10.110,  8.710,  7.940,  7.560,  7.280,  7.140
2001-08-16 12:00, 22.580, 21.140, 19.110, 17.160, 13.310,  9.790,  8.690,  7.980,  7.610,  7.370,  7.240
2001-09-19 12:00, 15.350, 15.330, 15.280, 15.030, 14.510, 10.380,  8.680,  8.030,  7.640,  7.430,  7.270
2001-10-17 12:00, 15.940, 15.870, 15.520, 14.690, 14.120, 12.550,  9.570,  8.340,  7.820,  7.570,  7.390
2001-11-21 12:00,  9.180,  9.200,  9.200,  9.190,  9.190,  9.190,  9.140,  8.660,  8.210,  7.850,  7.600
2001-12-19 12:00,  6.120,  6.130,  6.130,  6.130,  6.130,  6.120,  6.120,  6.070,  6.030,  5.930,  5.820
2002-01-16 12:00,  3.630,  3.640,  3.690,  3.740,  3.800,  3.760,  4.030,  4.050,  3.980,  3.990,  3.990
2002-02-13 12:00,  5.000,  5.010,  4.950,  4.950,  4.880,  4.850,  4.770,  4.720,  4.630,  4.610,  4.610
2002-03-27 12:00,  6.590,  6.570,  6.560,  6.550,  6.530,  6.400,  6.180,  6.040,  5.910,  5.880,  5.710
2002-04-17 12:00,  8.930,  8.820,  8.620,  8.570,  8.440,  7.920,  7.450,  6.780,  6.500,  6.310,  6.200
2002-05-13 12:00, 12.780, 11.850, 11.260, 10.510,  9.840,  8.710,  7.960,  7.150,  6.880,  6.660,  6.520
2002-06-18 12:00, 23.160, 20.000, 16.120, 13.610, 10.250,  8.500,  8.080,  7.390,  6.990,  6.720,  6.560
2002-07-23 12:00, 19.750, 19.150, 18.050, 17.330, 11.840,  9.040,  8.270,  7.490,  7.110,  6.860,  6.660
2002-08-20 12:00, 21.350, 19.930, 17.120, 16.600, 14.370,  8.850,  8.140,  7.540,  7.140,  6.810,  6.690
2002-09-16 12:00, 16.800, 16.820, 16.800, 16.790, 14.770,  9.920,  8.520,  7.700,  7.310,  7.040,  6.770
2002-10-16 12:00, 13.830, 13.830, 13.810, 13.730, 13.660,  9.870,  8.430,  7.710,  7.310,  6.990,  6.820
2002-11-20 12:00,  9.640,  9.640,  9.640,  9.640,  9.600,  9.560,  9.500,  9.100,  7.850,  7.610,  7.330
2002-12-18 12:00,  7.640,  7.630,  7.650,  7.640,  7.650,  7.650,  7.650,  7.650,  7.650,  7.520,  7.260
2003-01-23 12:00,  5.350,  5.350,  5.350,  5.340,  5.340,  5.340,  5.330,  5.340,  5.340,  5.330,  5.290
2003-02-18 12:00,  3.770,  3.790,  3.790,  3.800,  3.830,  3.830,  3.850,  3.890,  3.920,  4.010,  4.010
2003-03-20 12:00,  6.770,  5.180,  4.880,  4.830,  4.790,  4.780,  4.760,  4.700,  4.680,  4.670,  4.530
2003-04-16 12:00,  8.500,  8.000,  7.200,  6.920,  6.540,  6.440,  6.360,  6.220,  5.800,  5.480,  5.330
2003-05-14 12:00, 15.390, 15.390, 15.060,  9.640,  7.590,  6.900,  6.690,  6.320,  5.950,  5.720,  5.640
2003-06-12 12:00, 24.360, 21.500, 17.090, 13.260,  8.720,  7.310,  7.000,  6.550,  6.170,  5.910,  5.750
2003-07-09 12:00, 20.770, 20.700, 19.170, 16.860,  9.640,  7.760,  7.170,  6.590,  6.220,  5.930,  5.810
2003-08-13 12:00, 25.210, 25.130, 22.850, 18.800,  9.850,  7.690,  7.180,  6.690,  6.280,  6.010,  5.890
2003-09-10 12:00, 19.440, 19.450, 19.410, 18.420, 11.520,  7.810,  7.240,  6.720,  6.310,  6.080,  5.930
2003-10-15 12:00, 13.750, 13.780, 13.740, 13.670,  9.870,  8.130,  7.650,  6.890,  6.590,  6.280,  6.070
2003-11-12 12:00,  9.290,  9.310,  9.320,  9.320,  9.320,  9.290,  8.990,  7.470,  6.990,  6.630,  6.490
2003-12-09 12:00,  7.790,  7.810,  7.810,  7.810,  7.810,  7.820,  7.820,  7.710,  7.310,  6.730,  6.600
2004-01-14 12:00,  5.780,  5.780,  5.770,  5.760,  5.750,  5.750,  5.740,  5.740,  5.740,  5.740,  5.720
2004-02-18 12:00,  4.850,  4.840,  4.830,  4.830,  4.830,  4.840,  4.840,  4.800,  4.800,  4.790,  4.800
2004-03-17 12:00,  6.780,  5.570,  4.750,  4.670,  4.660,  4.720,  4.770,  4.800,  4.780,  4.790,  4.830
2004-04-15 12:00,  6.950,  6.920,  6.880,  6.830,  6.670,  6.500,  6.380,  6.140,  5.790,  5.620,  5.380
2004-05-12 12:00, 11.510, 11.400, 10.180,  9.030,  8.520,  7.970,  7.700,  6.900,  6.290,  6.200,  5.950
2004-06-09 12:00, 18.880, 15.650, 13.800, 13.140, 12.540,  8.650,  7.890,  7.160,  6.770,  6.510,  6.260
2004-07-07 12:00, 18.740, 18.680, 17.580, 16.220, 13.270,  9.910,  8.150,  7.300,  6.670,  6.420,  6.230
2004-08-11 12:00, 22.760, 22.640, 20.770, 18.130, 13.990, 10.190,  8.330,  7.480,  7.040,  6.760,  6.440
2004-09-08 12:00, 19.650, 19.650, 18.580, 17.330, 14.940,  9.760,  8.440,  7.580,  7.010,  6.670,  6.470
2004-10-13 12:00, 15.930, 15.930, 15.900, 15.830, 15.550, 10.490,  8.350,  7.650,  7.060,  6.690,  6.520
2004-11-10 12:00, 12.240, 12.240, 12.240, 12.240, 12.240, 12.220,  9.700,  7.810,  7.230,  6.910,  6.630
2004-12-08 12:00,  8.340,  8.340,  8.350,  8.350,  8.350,  8.330,  8.330,  8.280,  7.630,  7.110,  6.920
2005-01-13 12:00,  6.290,  6.080,  6.060,  6.060,  6.060,  6.050,  6.050,  6.050,  6.030,  5.950,  5.860
2005-02-16 12:00,  4.050,  4.060,  4.060,  4.060,  4.060,  4.060,  4.070,  4.070,  4.070,  4.120,  4.150
2005-03-16 12:00,  4.740,  3.840,  3.800,  3.800,  3.790,  3.740,  3.640,  3.590,  3.620,  3.780,  3.810
2005-04-13 12:00,  7.150,  7.090,  6.910,  6.720,  6.470,  6.220,  5.880,  5.500,  5.380,  5.160,  5.030
2005-05-18 12:00, 10.950, 10.960, 10.680, 10.340,  7.680,  6.900,  6.510,  5.810,  5.550,  5.160,  5.080
2005-06-15 12:00, 17.040, 16.730, 16.640, 14.610,  9.720,  7.720,  6.990,  6.150,  5.660,  5.490,  5.290
2005-07-13 12:00, 18.950, 18.880, 18.580, 15.510, 11.870,  8.250,  7.200,  6.410,  5.940,  5.600,  5.360
2005-08-10 12:00, 20.220, 20.140, 19.600, 18.030, 10.650,  8.190,  7.130,  6.510,  5.920,  5.590,  5.410
2005-09-14 12:00, 19.860, 19.280, 17.810, 16.640, 14.660,  9.170,  7.460,  6.650,  5.930,  5.640,  5.530
2005-10-12 12:00, 15.260, 15.260, 15.250, 15.100, 14.110, 10.710,  7.700,  6.690,  6.130,  5.760,  5.600
2005-11-09 12:00, 13.420, 13.450, 13.450, 13.450, 13.440, 11.720,  8.050,  6.800,  6.210,  5.790,  5.630
2005-12-07 12:00,  7.600,  7.620,  7.630,  7.630,  7.620,  7.620,  7.620,  7.500,  7.390,  7.000,  6.230
2006-01-11 12:00,  4.660,  4.670,  4.680,  4.680,  4.680,  4.660,  4.660,  4.630,  4.600,  4.640,  4.740
2006-02-22 12:00,  3.460,  3.460,  3.460,  3.460,  3.460,  3.460,  3.460,  3.450,  3.450,  3.510,  3.830
2006-03-22 12:00,  3.820,  3.780,  3.760,  3.790,  3.800,  3.820,  3.780,  3.800,  3.830,  3.910,  3.800
2006-04-18 12:00,  8.760,  7.700,  7.050,  6.940,  6.860,  6.660,  6.470,  5.540,  5.200,  4.900,  4.640
2006-05-11 12:00, 13.000, 11.870, 10.590,  9.310,  8.190,  6.940,  6.310,  5.780,  5.530,  5.220,  4.930
2006-06-14 12:00, 19.430, 16.370, 15.010, 14.050, 11.040,  8.280,  7.150,  6.330,  5.870,  5.600,  5.310
2006-07-12 12:00, 24.080, 22.690, 19.650, 15.710, 12.060,  8.360,  7.160,  6.220,  5.750,  5.520,  5.290
2006-08-16 12:00, 18.210, 18.160, 17.130, 15.550, 11.840,  7.960,  7.210,  6.370,  5.840,  5.530,  5.310
2006-09-13 12:00, 19.540, 19.310, 17.480, 16.530, 14.420,  9.910,  7.590,  6.650,  6.040,  5.650,  5.430
2006-10-11 12:00, 15.970, 15.990, 15.990, 15.900, 14.750,  9.790,  8.110,  6.600,  6.220,  5.910,  5.630
2006-11-15 12:00, 11.890, 11.900, 11.900, 11.900, 11.890, 11.500,  8.600,  6.990,  6.490,  6.090,  5.800
2006-12-13 12:00,  9.360,  9.380,  9.380,  9.370,  9.370,  9.340,  9.120,  7.120,  6.560,  6.140,  5.930
2007-01-17 12:00,  6.870,  6.870,  6.870,  6.830,  6.810,  6.810,  6.810,  6.810,  6.790,  6.800,  6.750
2007-02-14 12:00,  5.850,  5.840,  5.850,  5.840,  5.840,  5.840,  5.840,  5.840,  5.850,  5.850,  5.850
2007-03-14 12:00,  7.560,  7.450,  6.940,  6.710,  6.660,  6.630,  6.600,  6.530,  6.370,  6.320,  6.290
2007-04-12 12:00, 10.630,  9.860,  8.910,  7.900,  7.670,  7.340,  7.160,  6.970,  6.830,  6.760,  6.750
2007-05-10 12:00, 16.680, 15.250, 14.800, 11.210,  7.540,  7.390,  7.220,  7.040,  6.970,  6.880,  6.780
2007-06-13 12:00, 19.550, 17.750, 16.400, 14.870, 11.340,  8.460,  7.680,  7.320,  7.120,  6.890,  6.830
2007-07-11 12:00, 15.720, 15.710, 15.670, 15.630, 15.220,  9.180,  8.130,  7.550,  7.160,  6.980,  6.880
2007-08-08 12:00, 19.850, 19.850, 18.510, 17.250, 15.140, 11.580,  8.710,  7.640,  7.270,  7.110,  6.930
2007-09-12 12:00, 16.470, 16.470, 16.430, 16.330, 14.950, 11.840,  9.900,  7.940,  7.490,  7.200,  7.000
2007-10-10 12:00, 16.000, 16.010, 16.000, 15.730, 15.390, 13.300,  9.110,  7.900,  7.450,  7.170,  7.010
2007-11-07 12:00, 10.740, 10.760, 10.750, 10.750, 10.760, 10.760, 10.650,  8.240,  7.640,  7.310,  7.130
2007-12-12 12:00,  7.390,  7.390,  7.390,  7.400,  7.400,  7.410,  7.400,  7.400,  7.400,  7.390,  7.350
2008-01-23 12:00,  5.250,  5.250,  5.250,  5.230,  5.230,  5.230,  5.240,  5.230,  5.210,  5.180,  5.130
2008-02-20 12:00,  4.800,  4.770,  4.750,  4.750,  4.750,  4.760,  4.770,  4.800,  4.830,  4.810,  4.770
2008-03-19 12:00,  6.100,  6.080,  6.030,  6.030,  6.020,  6.010,  6.010,  6.010,  5.950,  5.900,  5.790
2008-04-16 12:00,  7.600,  7.430,  7.180,  7.090,  7.050,  6.980,  6.840,  6.350,  6.050,  5.960,  5.890
2008-05-21 12:00, 12.850, 12.810, 12.210, 11.230,  9.760,  8.270,  7.730,  7.230,  6.860,  6.560,  6.360
2008-06-11 12:00, 16.540, 16.260, 15.360, 13.960, 11.920,  7.780,  7.550,  7.210,  6.820,  6.450,  6.320
2008-07-09 12:00, 20.110, 19.940, 19.830, 14.110, 10.330,  8.110,  7.510,  7.010,  6.660,  6.460,  6.360
2008-08-06 12:00, 21.700, 21.590, 19.220, 17.250, 13.620,  9.030,  7.690,  7.060,  6.740,  6.530,  6.400
2008-09-10 12:00, 19.430, 19.160, 18.000, 17.580, 12.740,  8.870,  7.780,  7.210,  6.890,  6.620,  6.470
2008-10-13 12:00, 15.060, 13.900, 13.620, 13.410, 13.090, 11.220,  8.160,  7.340,  6.990,  6.740,  6.560
2008-11-12 12:00, 11.210, 11.240, 11.230, 11.230, 11.230, 11.220,  8.180,  7.410,  6.980,  6.790,  6.590
2008-12-10 12:00,  7.410,  7.400,  7.410,  7.410,  7.410,  7.410,  7.410,  7.400,  7.410,  7.360,  7.300
2009-01-21 12:00,  3.850,  3.880,  3.920,  3.920,  3.920,  3.870,  3.880,  3.910,  4.070,  4.080,  4.090
2009-02-23 12:00,  3.610,  3.610,  3.600,  3.590,  3.590,  3.610,  3.670,  3.670,  3.690,  3.750,  3.760
2009-03-18 12:00,  4.600,  4.590,  4.590,  4.610,  4.610,  4.580,  4.610,  4.510,  4.650,  4.700,  4.820
2009-04-08 12:00,  8.510,  8.340,  7.280,  6.110,  5.840,  5.750,  5.730,  5.570,  5.460,  5.360,  5.350
2009-05-13 12:00, 16.200, 14.730, 13.340, 10.980,  8.390,  6.540,  6.130,  5.730,  5.580,  5.510,  5.450
2009-06-17 12:00, 18.990, 18.980, 18.870, 14.710,  9.590,  7.070,  6.620,  6.120,  5.830,  5.640,  5.550
2009-07-22 12:00, 20.510, 20.260, 18.420, 17.870, 10.510,  7.490,  6.850,  6.220,  5.930,  5.720,  5.590
2009-08-19 12:00, 23.390, 22.780, 20.080, 18.890, 13.150,  7.780,  6.740,  6.220,  5.900,  5.720,  5.630
2009-09-16 12:00, 17.680, 17.700, 17.690, 17.690, 16.160,  8.980,  7.100,  6.370,  6.030,  5.790,  5.670
2009-10-14 12:00, 16.830, 16.840, 16.840, 16.840, 13.960,  8.840,  7.300,  6.420,  6.090,  5.880,  5.710
2009-11-11 12:00, 11.490, 11.490, 11.490, 11.490, 11.480, 10.320,  7.720,  6.550,  6.180,  5.910,  5.770
2009-12-09 12:00,  8.910,  8.900,  8.880,  8.870,  8.760,  8.720,  8.710,  7.010,  6.340,  6.070,  5.930
2010-01-13 12:00,  4.980,  5.000,  5.010,  5.020,  5.020,  5.010,  5.020,  4.940,  4.860,  4.810,  4.770
2010-02-24 12:00,  3.520,  3.500,  3.500,  3.530,  3.540,  3.560,  3.570,  3.600,  3.720,  3.600,  3.700
2010-03-17 12:00,  3.620,  3.640,  3.680,  3.700,  3.710,  3.710,  3.670,  3.620,  3.670,  3.730,  3.700
2010-04-14 12:00,  7.570,  7.460,  6.810,  6.310,  6.160,  6.140,  5.960,  5.530,  5.480,  5.360,  4.950
2010-05-19 12:00, 12.230, 12.160, 11.800, 10.250,  7.480,  6.790,  6.580,  6.100,  5.820,  5.480,  5.260
2010-06-16 12:00, 15.530, 15.550, 15.090, 11.090,  8.160,  7.300,  6.870,  6.270,  5.870,  5.490,  5.350
2010-07-14 12:00, 23.080, 23.030, 20.330, 15.940, 11.230,  8.020,  7.160,  6.320,  6.020,  5.740,  5.490
2010-08-18 12:00, 18.010, 18.010, 18.000, 17.590, 11.580,  8.770,  7.560,  6.680,  6.120,  5.800,  5.620
2010-09-15 12:00, 17.450, 17.420, 17.250, 16.880, 15.130,  9.080,  7.540,  6.770,  6.320,  5.810,  5.680
2010-10-20 12:00, 13.640, 13.670, 13.670, 13.670, 13.660, 12.680,  7.470,  6.540,  6.190,  5.840,  5.790
2010-11-17 12:00, 10.510, 10.520, 10.510, 10.480, 10.470,  9.960,  9.000,  7.240,  6.670,  6.420,  6.130
2010-12-15 12:00,  6.680,  6.700,  6.700,  6.700,  6.690,  6.700,  6.700,  6.690,  6.690,  6.690,  6.520
2011-01-12 12:00,  4.960,  4.960,  4.960,  4.960,  4.960,  4.960,  4.960,  4.960,  4.900,  4.870,  4.880
2011-02-16 12:00,  4.470,  4.450,  4.290,  4.200,  4.160,  4.150,  4.170,  4.150,  4.150,  4.120,  4.130
2011-03-16 12:00,  5.410,  5.190,  4.880,  4.850,  4.820,  4.760,  4.750,  4.650,  4.600,  4.600,  4.600
2011-04-20 12:00, 13.550, 13.070, 10.760,  8.780,  6.180,  5.680,  5.510,  5.250,  5.010,  4.930,  4.860
2011-05-18 12:00, 17.210, 17.200, 16.000, 10.590,  6.690,  5.990,  5.690,  5.350,  5.190,  5.030,  4.910
2011-06-16 12:00, 21.230, 19.340, 17.360, 14.050,  7.620,  6.520,  5.890,  5.440,  5.250,  5.020,  4.970
2011-07-13 12:00, 21.180, 21.070, 20.260, 18.320,  8.890,  6.780,  6.150,  5.550,  5.220,  5.080,  5.010
2011-08-17 12:00, 20.740, 20.580, 19.370, 17.160, 10.660,  6.800,  6.160,  5.660,  5.400,  5.180,  5.070
2011-09-14 12:00, 20.130, 20.090, 20.000, 18.360, 12.340,  7.290,  6.480,  5.840,  5.540,  5.290,  5.150
2011-10-11 12:00, 16.920, 16.920, 16.700, 15.840, 12.190,  6.980,  6.380,  5.800,  5.500,  5.310,  5.160
2011-11-16 12:00, 11.670, 11.680, 11.660, 11.680, 11.540,  7.800,  6.570,  5.960,  5.590,  5.330,  5.210
2011-12-14 12:00,  8.140,  8.140,  8.140,  8.140,  8.140,  8.140,  8.130,  8.080,  6.470,  5.760,  5.530
2012-01-18 12:00,  5.440,  5.460,  5.450,  5.450,  5.450,  5.460,  5.450,  5.450,  5.450,  5.450,  5.450
2012-02-22 12:00,  2.440,  2.420,  2.440,  2.420,  2.530,  2.630,  2.690,  2.850,  2.970,  3.000,  3.080
2012-03-14 12:00,  4.230,  4.160,  4.150,  4.120,  4.130,  4.120,  4.110,  4.120,  4.120,  4.090,  4.050
2012-04-12 12:00,  9.040,  9.040,  9.020,  8.780,  5.970,  5.680,  5.280,  4.920,  4.410,  4.390,  4.380
2012-05-09 12:00, 12.540, 12.530, 12.250, 11.010,  9.110,  7.680,  7.180,  6.200,  5.790,  5.450,  5.300
2012-06-13 12:00, 16.060, 16.040, 15.920, 15.360, 12.060,  8.470,  7.530,  6.760,  6.150,  5.780,  5.570
2012-07-11 12:00, 20.640, 20.310, 18.470, 17.150, 13.020,  8.810,  7.800,  7.020,  6.490,  6.080,  5.750
2012-08-15 12:00, 22.210, 22.170, 20.230, 17.900, 13.330,  9.060,  7.860,  7.070,  6.470,  6.070,  5.830
2012-09-12 12:00, 20.050, 20.050, 19.980, 18.730, 14.460,  9.440,  8.130,  7.240,  6.530,  6.110,  5.930
2012-10-17 12:00, 14.590, 14.600, 14.590, 14.560, 13.940,  9.390,  8.190,  7.100,  6.600,  6.250,  6.060
2012-11-14 12:00, 10.740, 10.740, 10.740, 10.740, 10.700, 10.510,  9.690,  7.790,  7.070,  6.570,  6.260
2012-12-12 12:00,  7.310,  7.280,  7.280,  7.300,  7.320,  7.320,  7.310,  7.220,  7.050,  7.050,  6.480
2013-01-23 12:00,  5.340,  5.380,  5.380,  5.380,  5.390,  5.380,  5.390,  5.380,  5.380,  5.330,  5.180
2013-02-20 12:00,  4.520,  4.520,  4.510,  4.510,  4.540,  4.550,  4.590,  4.670,  4.640,  4.580,  4.560
2013-03-20 12:00,  4.570,  4.560,  4.550,  4.550,  4.550,  4.510,  4.500,  4.470,  4.410,  4.380,  4.350
2013-04-17 12:00, 11.760,  8.910,  6.710,  5.790,  5.650,  5.580,  5.520,  5.440,  5.370,  5.280,  5.260
2013-05-15 12:00, 13.830, 12.710, 11.100, 10.520,  8.930,  7.040,  6.320,  5.740,  5.530,  5.340,  5.280
2013-06-12 12:00, 15.350, 14.220, 13.530, 12.140, 10.460,  8.480,  6.960,  5.990,  5.710,  5.490,  5.370
2013-07-17 12:00, 20.770, 20.770, 19.590, 17.470, 11.420,  8.260,  6.860,  6.180,  5.820,  5.600,  5.470
2013-08-21 12:00, 20.310, 20.290, 20.250, 17.260, 12.770,  8.310,  7.220,  6.390,  5.970,  5.720,  5.510
2013-09-18 12:00, 17.340, 17.340, 17.330, 17.330, 17.290, 17.180,  7.850,  6.570,  6.040,  5.730,  5.560
2013-10-16 12:00, 14.880, 14.870, 14.810, 14.790, 14.780,  7.960,  7.300,  6.550,  6.100,  5.790,  5.620
2013-11-20 12:00,  9.750,  9.760,  9.760,  9.760,  9.750,  9.690,  9.640,  8.080,  6.950,  6.590,  6.360
2013-12-11 12:00,  6.910,  6.920,  6.930,  6.940,  6.940,  6.940,  6.940,  6.920,  6.810,  6.550,  6.630
2014-01-22 12:00,  5.860,  5.860,  5.860,  5.860,  5.860,  5.860,  5.860,  5.870,  5.870,  5.900,  5.890
2014-02-19 12:00,  5.400,  5.400,  5.410,  5.400,  5.400,  5.400,  5.410,  5.410,  5.380,  5.400,  5.420
2014-03-12 12:00,  6.080,  5.990,  5.980,  5.980,  5.970,  5.950,  5.850,  5.800,  5.800,  5.790,  5.800
2014-04-16 12:00, 10.370, 10.400,  9.570,  7.490,  6.930,  6.620,  6.270,  6.070,  6.010,  5.950,  5.910
2014-05-14 12:00, 12.640, 12.620, 12.560, 12.070, 10.600,  7.420,  6.950,  6.580,  6.380,  6.220,  6.030
2014-06-18 12:00, 18.060, 18.010, 17.200, 16.320, 11.830,  9.150,  7.720,  6.770,  6.590,  6.320,  6.090
2014-07-16 12:00, 17.660, 17.160, 16.840, 16.010, 15.460, 10.060,  7.840,  7.060,  6.530,  6.250,  6.150
2014-08-20 12:00, 18.040, 17.970, 17.240, 16.770, 15.730, 11.170,  8.940,  7.510,  6.910,  6.490,  6.330
2014-09-17 12:00, 18.500, 18.270, 17.370, 16.730, 15.610, 11.730,  8.700,  7.510,  6.960,  6.530,  6.330
2014-10-15 12:00, 17.130, 17.130, 17.110, 16.800, 15.560, 12.190,  8.860,  7.520,  6.950,  6.600,  6.380
2014-11-12 12:00, 13.060, 13.070, 13.070, 13.060, 13.000, 12.580,  9.280,  7.670,  7.020,  6.640,  6.440
2014-12-10 12:00,  9.590,  9.570,  9.570,  9.580,  9.570,  9.540,  9.500,  7.910,  7.280,  6.930,  6.680
2015-01-14 12:00,  6.800,  6.800,  6.800,  6.810,  6.800,  6.810,  6.810,  6.800,  6.810,  6.800,  6.760
2015-02-11 12:00,  4.580,  4.580,  4.600,  4.590,  4.590,  4.590,  4.570,  4.570,  4.580,  4.560,  4.450
2015-03-11 12:00,  6.170,  6.130,  5.470,  5.240,  5.050,  5.020,  5.010,  5.010,  4.990,  4.900,  4.960
2015-04-09 12:00,  7.300,  7.150,  6.770,  6.730,  6.720,  6.690,  6.630,  6.550,  6.500,  6.330,  6.110
2015-05-20 12:00, 13.870, 13.860, 13.750, 13.010, 11.820,  8.580,  7.670,  6.970,  6.750,  6.540,  6.410
2015-06-17 12:00, 17.940, 17.780, 17.130, 15.760, 12.620,  9.450,  8.120,  7.200,  6.860,  6.630,  6.470
2015-07-15 12:00, 23.100, 22.760, 21.080, 17.550, 13.270,  9.560,  8.130,  7.340,  6.830,  6.600,  6.520
2015-08-12 12:00, 22.800, 22.370, 20.870, 20.410, 14.610,  9.580,  8.400,  7.540,  7.070,  6.770,  6.580
2015-09-09 12:00, 18.780, 18.770, 18.760, 18.750, 16.100,  9.750,  8.530,  7.630,  7.110,  6.800,  6.630
2015-10-14 12:00, 14.990, 14.990, 15.000, 14.990, 14.980, 11.680,  8.640,  7.770,  7.270,  6.900,  6.680
2015-11-18 12:00, 12.240, 12.230, 12.230, 12.230, 12.230, 12.220, 10.410,  7.670,  7.080,  6.800,  6.660