			Time,      0,     -5,    -10,    -15,    -20,    -30,    -50,   -100,   -150,   -200,   -230,   -250
1963-04-18 12:00,  3.600,  3.600,  3.500,  3.500,  3.500,  3.500,  3.500,  3.700,  4.300,  4.800,  4.000,  3.400
1963-05-15 12:00, 10.000,  9.900,  5.000,  4.600,  4.100,  3.900,  3.900,  3.800,  4.400,  5.000,  4.200,  3.600
1963-06-19 12:00, 13.800, 13.800, 12.800,  9.100,  5.300,  4.200,  4.200,  3.900,  4.500,  5.100,  4.300,  3.700
1963-07-17 12:00, 21.800, 18.600, 12.500,  9.700,  6.900,  4.900,  4.200,  3.900,  4.500,  5.100,  4.300,  3.700
1963-08-13 12:00, 20.000, 20.000, 17.200, 11.900,  6.600,  4.400,  4.200,  3.900,  4.500,  5.100,  4.300,  3.700
1963-09-18 12:00, 18.100, 17.000, 14.900, 11.100,  7.300,  4.900,  4.300,  3.900,  4.500,  5.100,  4.300,  3.700
1963-10-15 12:00, 12.800, 12.600, 12.600, 11.400, 10.200,  6.100,  4.200,  4.000,  4.300,  3.800,  3.800,  3.700
1963-11-12 12:00, 10.100, 10.000, 10.000, 10.000, 10.000,  6.000,  4.200,  3.900,  3.900,  3.800,  3.800,  3.800
1963-12-10 12:00,  7.100,  7.100,  7.100,  7.100,  7.100,  7.100,  4.700,  4.000,  3.900,  3.800,  3.800,  3.800
1964-01-14 12:00,  3.800,  3.800,  3.800,  3.800,  3.800,  3.800,  3.900,  3.900,  3.800,  3.800,  3.800,  3.800
1964-02-13 12:00,  3.000,  3.000,  3.000,  3.000,  3.000,  3.100,  3.700,  3.900,  3.900,  3.800,  3.800,  3.800
1964-03-17 12:00,  3.300,  3.300,  3.300,  3.300,  3.300,  3.300,  3.300,  3.800,  3.800,  3.800,  3.800,  3.800
1964-04-14 12:00,  4.400,  4.100,  4.100,  4.100,  4.100,  4.000,  4.000,  3.700,  3.700,  3.800,  3.800,  3.800
1964-05-12 12:00, 12.600,  9.500,  6.300,  5.700,  5.000,  4.700,  3.900,  3.900,  3.900,  3.800,  3.800,  3.800
1964-05-19 12:00, 15.000,  8.900,  7.000,  6.100,  5.200,  4.800,  4.200,  3.900,  3.900,  3.900,  3.900,  3.900
1964-06-02 12:00, 17.900, 17.000,  8.500,  7.000,  5.500,  4.700,  4.100,  3.900,  3.900,  3.900,  3.900,  3.800
1964-07-07 12:00, 20.500, 19.300, 17.500, 11.900,  6.200,  5.000,  4.300,  3.900,  3.900,  3.900,  3.900,  3.900
1964-07-21 12:00, 24.400, 20.200, 16.600, 11.500,  6.300,  4.900,  4.400,  4.000,  3.900,  3.900,  3.900,  3.900
1964-08-11 12:00, 20.000, 18.200, 17.700, 13.100,  8.400,  6.300,  4.400,  4.000,  3.900,  3.900,  3.900,  3.900
1964-09-08 12:00, 16.900, 17.000, 16.700, 12.100,  7.500,  5.600,  4.300,  3.900,  3.900,  3.900,  3.900,  3.900
1964-10-06 12:00, 15.600, 15.600, 14.600, 11.800,  8.900,  5.200,  4.300,  4.000,  3.900,  3.900,  3.900,  3.900
1964-11-12 12:00,  8.600,  8.400,  8.300,  8.300,  8.300,  7.700,  4.700,  4.100,  3.900,  3.900,  3.900,  3.900
1964-12-08 12:00,  5.700,  5.700,  5.000,  4.800,  4.600,  4.200,  4.200,  4.100,  4.000,  3.900,  3.900,  3.900
1965-01-12 12:00,  4.400,  4.400,  4.400,  4.400,  4.400,  4.400,  4.400,  4.400,  4.100,  3.900,  3.900,  3.900
1965-02-09 12:00,  4.100,  4.100,  4.100,  4.100,  4.100,  4.200,  4.100,  4.100,  4.100,  3.900,  3.900,  3.900
1965-03-16 12:00,  3.700,  3.600,  3.600,  3.600,  3.600,  3.600,  3.400,  3.600,  3.900,  3.900,  3.900,  3.900
1965-06-23 12:00, 16.100, 10.600,  9.200,  9.100,  8.900,  7.200,  5.200,  4.100,  4.000,  4.000,  4.000,  3.900
1965-07-21 12:00, 17.800, 17.400, 13.900, 11.200,  8.500,  7.000,  5.400,  4.200,  4.100,  4.000,  4.000,  4.000
1965-08-10 12:00, 17.900, 17.200, 17.100, 13.000,  8.900,  7.500,  5.100,  4.100,  4.100,  4.000,  4.000,  4.000
1965-09-15 12:00, 16.300, 15.400, 15.100, 12.300,  9.400,  7.500,  5.500,  4.100,  4.000,  4.000,  4.000,  4.000
1965-10-20 12:00, 12.000, 12.000, 12.000, 12.000, 12.000,  8.200,  5.900,  4.200,  4.000,  4.000,  4.000,  4.000
1965-11-23 12:00,  8.200,  8.300,  8.300,  8.300,  8.300,  8.200,  6.800,  4.400,  4.100,  4.000,  4.000,  4.000
1965-12-07 12:00,  6.600,  6.600,  6.600,  6.600,  6.600,  6.500,  6.500,  4.400,  4.100,  4.000,  4.000,  4.000
1966-01-11 12:00,  5.000,  5.100,  5.100,  5.100,  5.100,  5.100,  5.000,  5.000,  4.500,  4.100,  4.100,  4.000
1966-02-15 12:00,  4.300,  4.300,  4.300,  4.300,  4.300,  4.300,  4.300,  4.200,  4.100,  4.000,  4.000,  4.000
1966-03-15 12:00,  4.600,  4.600,  4.600,  4.600,  4.600,  4.600,  4.600,  4.400,  4.200,  4.100,  4.100,  4.000
1966-04-13 12:00,  8.800,  6.600,  5.800,  5.500,  5.100,  4.900,  4.600,  4.400,  4.400,  4.300,  4.300,  4.200
1966-05-11 12:00, 10.300,  9.900,  8.600,  7.500,  6.300,  5.100,  4.900,  4.600,  4.400,  4.200,  4.200,  4.100
1966-06-16 12:00, 18.200, 15.600, 11.300,  9.100,  6.800,  5.100,  4.600,  4.500,  4.400,  4.200,  4.200,  4.200
1966-07-14 12:00, 19.300, 16.600, 15.800, 13.300, 10.800,  7.500,  5.200,  4.600,  4.400,  4.300,  4.300,  4.200
1966-08-10 12:00, 18.200, 17.400, 16.900, 13.000,  9.000,  7.100,  5.100,  4.500,  4.400,  4.300,  4.300,  4.200
1966-09-13 12:00, 20.300, 18.600, 15.300, 12.600,  9.800,  7.200,  5.000,  4.600,  4.400,  4.300,  4.300,  4.300
1966-10-25 12:00, 14.800, 14.800, 14.800, 12.700, 10.600,  7.200,  5.200,  4.600,  4.400,  4.300,  4.300,  4.300
1966-11-15 12:00,  9.000,  9.000,  9.000,  9.000,  9.000,  9.000,  5.500,  4.500,  4.400,  4.300,  4.300,  4.300
1966-12-13 12:00,  6.400,  6.300,  6.300,  6.300,  6.200,  6.100,  5.700,  4.700,  4.500,  4.400,  4.400,  4.300
1967-01-17 12:00,  4.600,  4.600,  4.600,  4.600,  4.600,  4.600,  4.600,  4.600,  4.400,  4.400,  4.400,  4.300
1967-02-14 12:00,  4.300,  4.300,  4.300,  4.300,  4.300,  4.300,  4.300,  4.300,  4.300,  4.300,  4.300,  4.200
1967-03-14 12:00,  4.600,  4.500,  4.500,  4.500,  4.400,  4.400,  4.400,  4.400,  4.400,  4.300,  4.300,  4.200
1967-04-18 12:00,  8.200,  6.600,  6.100,  6.000,  5.900,  5.100,  4.800,  4.600,  4.400,  4.400,  4.400,  4.300
1967-05-22 12:00, 10.100, 10.100,  9.800,  8.000,  6.100,  5.500,  4.800,  4.500,  4.400,  4.400,  4.400,  4.300
1967-06-13 12:00, 12.200, 12.100, 11.300, 10.200,  9.000,  7.500,  5.300,  4.600,  4.500,  4.400,  4.400,  4.400
1967-07-18 12:00, 22.700, 21.000, 13.400, 10.600,  7.800,  6.600,  5.200,  4.700,  4.500,  4.400,  4.400,  4.400
1967-08-15 12:00, 16.800, 16.800, 15.200, 12.300,  9.300,  6.800,  5.100,  4.600,  4.500,  4.500,  4.500,  4.400
1967-09-12 12:00, 16.700, 15.900, 15.500, 12.900, 10.300,  8.100,  5.600,  4.600,  4.500,  4.500,  4.500,  4.400
1967-10-17 12:00, 15.000, 15.000, 15.000, 12.700, 10.400,  8.100,  5.600,  4.700,  4.600,  4.500,  4.500,  4.400
1967-11-14 12:00, 10.400, 10.400, 10.400, 10.400, 10.400,  9.800,  5.900,  4.700,  4.600,  4.500,  4.500,  4.400
1967-12-06 12:00,  7.700,  7.700,  7.700,  7.700,  7.700,  7.700,  5.700,  4.600,  4.500,  4.400,  4.400,  4.400
1968-01-16 12:00,  4.500,  4.500,  4.500,  4.500,  4.500,  4.500,  4.500,  4.600,  4.600,  4.600,  4.600,  4.500
1968-02-13 12:00,  4.200,  4.200,  4.200,  4.200,  4.200,  4.200,  4.200,  4.300,  4.300,  4.300,  4.300,  4.400
1968-03-12 12:00,  4.000,  4.000,  4.000,  4.000,  4.000,  4.000,  4.000,  4.100,  4.200,  4.200,  4.200,  4.100
1968-04-23 12:00, 16.700,  6.300,  5.500,  5.500,  5.400,  5.200,  4.500,  4.300,  4.200,  4.200,  4.200,  4.200
1968-05-07 12:00, 10.000, 10.000,  7.900,  6.600,  5.300,  5.100,  4.800,  4.200,  4.200,  4.200,  4.200,  4.200
1968-06-18 12:00, 17.500, 15.400, 14.000, 10.800,  7.600,  6.200,  4.800,  4.300,  4.300,  4.300,  4.300,  4.300
1968-07-16 12:00, 12.500, 12.500, 12.500, 11.200,  9.800,  6.700,  5.300,  4.300,  4.300,  4.300,  4.300,  4.300
1968-08-13 12:00, 19.200, 18.400, 17.600, 14.500, 11.400,  7.000,  5.000,  4.300,  4.300,  4.300,  4.300,  4.300
1968-09-10 12:00, 17.300, 17.200, 17.100, 14.300, 11.400,  7.100,  5.000,  4.300,  4.300,  4.300,  4.300,  4.300
1968-10-09 12:00, 13.900, 13.900, 13.800, 13.200, 12.500,  7.100,  5.400,  4.300,  4.300,  4.300,  4.300,  4.300
1968-11-13 12:00, 11.100, 11.000, 11.000, 11.100, 11.100, 10.600,  5.400,  4.400,  4.300,  4.300,  4.300,  4.300
1968-12-11 12:00,  7.200,  7.200,  7.300,  7.300,  7.300,  7.300,  5.500,  4.400,  4.300,  4.300,  4.300,  4.300
1969-01-15 12:00,  4.900,  4.900,  4.900,  4.900,  4.900,  4.900,  4.900,  4.500,  4.300,  4.300,  4.300,  4.300
1969-02-11 12:00,  4.200,  4.200,  4.200,  4.200,  4.200,  4.200,  4.200,  4.200,  4.300,  4.300,  4.300,  4.300
1969-03-19 12:00,  4.300,  4.300,  4.200,  4.200,  4.200,  4.200,  4.000,  4.000,  4.100,  4.100,  4.100,  4.100
1969-04-15 12:00,  4.300,  4.300,  4.300,  4.300,  4.300,  4.300,  4.300,  4.100,  4.100,  4.100,  4.100,  4.100
1969-05-13 12:00, 15.500,  8.400,  7.100,  6.200,  5.200,  5.000,  4.600,  4.500,  4.200,  4.100,  4.100,  4.100
1969-06-11 12:00, 13.700, 13.700, 12.400,  9.800,  7.200,  5.200,  4.700,  4.400,  4.200,  4.200,  4.200,  4.200
1969-07-09 12:00, 13.900, 13.800, 13.400, 10.800,  8.100,  5.600,  4.800,  4.300,  4.200,  4.200,  4.200,  4.200
1969-08-05 12:00, 23.300, 20.700, 15.300, 11.800,  8.200,  5.700,  5.200,  4.400,  4.300,  4.200,  4.200,  4.200
1969-09-10 12:00, 17.300, 16.000, 15.300, 12.800, 10.200,  6.400,  4.900,  4.500,  4.300,  4.300,  4.300,  4.200
1969-10-08 12:00, 15.600, 15.600, 15.600, 12.200,  8.800,  6.100,  4.900,  4.500,  4.300,  4.200,  4.200,  4.200
1969-11-12 12:00, 10.600, 10.600, 10.600, 10.000,  9.300,  8.200,  5.600,  4.600,  4.300,  4.200,  4.200,  4.200
1969-12-09 12:00,  6.200,  6.200,  6.200,  6.200,  6.200,  6.200,  6.200,  4.700,  4.400,  4.200,  4.200,  4.200
1970-01-14 12:00,  4.200,  4.200,  4.200,  4.200,  4.200,  4.200,  4.200,  4.200,  4.400,  4.200,  4.200,  4.200
1970-02-04 12:00,  4.100,  4.100,  4.100,  4.100,  4.100,  4.100,  4.100,  4.100,  4.200,  4.100,  4.100,  4.100
1970-03-04 12:00,  3.800,  3.800,  3.800,  3.800,  3.800,  3.800,  3.800,  3.800,  3.800,  3.900,  3.900,  4.000
1970-04-15 12:00,  4.500,  4.000,  4.000,  4.000,  3.900,  3.900,  3.900,  3.900,  3.900,  3.900,  3.900,  4.000
1970-05-13 12:00,  6.000,  6.000,  6.000,  5.900,  5.700,  5.200,  4.600,  4.100,  4.000,  4.000,  4.000,  4.100
1970-06-09 12:00, 16.100, 11.900,  7.600,  6.900,  6.200,  5.400,  4.900,  4.200,  4.100,  4.000,  4.000,  4.000
1970-07-08 12:00, 19.400, 16.400, 10.700,  9.000,  7.200,  5.200,  4.300,  4.200,  4.100,  4.000,  4.000,  4.100
1970-08-19 12:00, 18.400, 17.700, 15.500, 12.500,  9.500,  6.400,  4.800,  4.400,  4.200,  4.100,  4.100,  4.100
1970-09-09 12:00, 18.900, 18.700, 17.000, 13.200,  9.400,  6.300,  4.900,  4.500,  4.200,  4.100,  4.100,  4.100
1970-10-06 12:00, 13.300, 13.100, 12.400, 12.000, 11.600,  7.600,  5.100,  4.200,  4.100,  4.100,  4.100,  4.100
1970-11-11 12:00,  9.200,  9.200,  8.800,  8.700,  8.600,  7.300,  6.000,  4.300,  4.100,  4.100,  4.100,  4.100
1970-12-09 12:00,  7.300,  7.300,  7.300,  7.300,  7.300,  7.300,  6.700,  4.500,  4.200,  4.100,  4.100,  4.100
1971-01-13 12:00,  4.600,  4.600,  4.600,  4.600,  4.600,  4.600,  4.600,  4.300,  4.100,  4.100,  4.100,  4.100
1971-02-10 12:00,  3.900,  3.900,  3.900,  3.900,  3.900,  3.900,  3.900,  4.000,  4.100,  4.100,  4.100,  4.100
1971-03-10 12:00,  3.400,  3.400,  3.400,  3.400,  3.400,  3.400,  3.600,  3.900,  4.100,  4.100,  4.100,  4.100
1971-04-06 12:00,  5.000,  4.400,  4.100,  4.100,  4.000,  3.900,  3.900,  4.000,  4.100,  4.100,  4.100,  4.100
1971-05-12 12:00, 12.400, 10.900,  7.100,  6.200,  5.300,  5.000,  4.900,  4.200,  4.100,  4.100,  4.100,  4.100
1971-06-08 12:00,  9.900,  9.700,  6.800,  5.900,  5.000,  4.600,  4.400,  4.200,  4.100,  4.100,  4.100,  4.100
1971-07-14 12:00, 20.200, 19.800, 16.600, 13.500, 10.400,  5.600,  4.500,  4.200,  4.100,  4.100,  4.100,  4.100
1971-08-11 12:00, 22.100, 20.700, 15.000, 12.000,  8.900,  5.900,  4.600,  4.200,  4.200,  4.200,  4.200,  4.200
1971-09-20 12:00, 16.200, 16.200, 16.200, 13.500, 10.700,  5.500,  4.500,  4.300,  4.200,  4.200,  4.200,  4.100
1971-10-20 12:00, 12.900, 12.900, 12.900, 12.200, 11.500,  5.900,  4.300,  4.200,  4.100,  4.100,  4.100,  4.200
1971-11-11 12:00, 10.900, 10.900, 10.900, 10.900, 10.900,  8.100,  4.600,  4.200,  4.100,  4.100,  4.100,  4.100
1971-12-08 12:00,  6.400,  6.400,  6.400,  6.300,  6.200,  5.500,  4.600,  4.100,  4.100,  4.100,  4.100,  4.100
1972-01-12 12:00,  5.300,  5.300,  5.300,  5.300,  5.300,  5.300,  5.300,  4.200,  4.100,  4.100,  4.100,  4.100
1972-02-02 12:00,  4.300,  4.300,  4.300,  4.300,  4.300,  4.300,  4.300,  4.200,  4.200,  4.100,  4.100,  4.100
1972-03-22 12:00,  7.100,  6.700,  4.900,  4.700,  4.500,  4.500,  4.300,  4.400,  4.200,  4.100,  4.100,  4.100
1972-04-26 12:00,  6.000,  5.700,  5.700,  5.700,  5.700,  5.600,  5.300,  4.500,  4.300,  4.100,  4.100,  4.100
1972-05-24 12:00, 12.300, 11.700,  8.600,  7.900,  7.100,  5.800,  5.100,  4.400,  4.300,  4.200,  4.200,  4.200
1972-06-27 12:00, 18.900, 15.200, 12.700, 10.800,  8.800,  6.700,  5.700,  4.600,  4.400,  4.300,  4.300,  4.300
1972-07-26 12:00, 21.200, 18.700, 14.600, 11.500,  8.400,  6.800,  5.500,  4.600,  4.300,  4.200,  4.200,  4.200
1972-08-09 12:00, 22.900, 18.300, 16.800, 13.000,  9.200,  7.100,  5.600,  4.700,  4.400,  4.300,  4.300,  4.200
1972-09-13 12:00, 16.400, 16.100, 16.000, 13.000,  9.900,  6.700,  5.700,  4.700,  4.500,  4.300,  4.300,  4.200
1972-09-28 12:00, 13.900, 13.900, 13.800, 13.800, 13.800,  7.700,  5.900,  4.700,  4.400,  4.200,  4.200,  4.200
1972-10-25 12:00,  9.800,  9.800,  9.700,  9.700,  9.700,  8.600,  5.900,  4.800,  4.500,  4.300,  4.300,  4.200
1972-11-29 12:00,  7.300,  7.300,  7.300,  7.300,  7.300,  7.300,  5.800,  4.600,  4.300,  4.200,  4.200,  4.200
1972-12-19 12:00,  6.300,  6.300,  6.300,  6.300,  6.300,  6.300,  6.200,  4.800,  4.400,  4.200,  4.200,  4.200
1973-01-24 12:00,  4.800,  4.800,  4.800,  4.800,  4.800,  4.800,  4.800,  4.800,  4.500,  4.200,  4.200,  4.200
1973-02-21 12:00,  4.400,  4.400,  4.400,  4.400,  4.400,  4.400,  4.400,  4.500,  4.600,  4.300,  4.300,  4.200
1973-03-20 12:00,  4.300,  4.300,  4.300,  4.300,  4.300,  4.300,  4.300,  4.300,  4.300,  4.300,  4.300,  4.200
1973-04-25 12:00,  5.400,  5.400,  5.100,  4.900,  4.700,  4.600,  4.500,  4.300,  4.300,  4.300,  4.300,  4.300
1973-05-23 12:00, 12.200, 10.700, 10.300,  8.000,  5.700,  5.100,  4.700,  4.500,  4.300,  4.300,  4.300,  4.300
1973-06-19 12:00, 18.700, 18.500, 13.900, 10.700,  7.400,  5.600,  4.800,  4.500,  4.400,  4.300,  4.300,  4.300
1973-07-12 12:00, 21.500, 18.900, 14.900, 11.100,  7.200,  5.200,  4.700,  4.500,  4.400,  4.300,  4.300,  4.300
1973-08-08 12:00, 19.700, 18.600, 14.000, 10.600,  7.100,  5.500,  4.700,  4.500,  4.400,  4.400,  4.400,  4.300
1973-09-05 12:00, 21.300, 20.000, 16.300, 12.500,  8.600,  6.000,  4.800,  4.600,  4.500,  4.400,  4.400,  4.400
1973-10-02 12:00, 15.000, 14.900, 14.900, 13.000, 11.000,  7.600,  4.900,  4.500,  4.400,  4.300,  4.300,  4.300
1973-10-24 12:00, 11.000, 11.000, 11.000, 10.000,  8.900,  5.900,  4.800,  4.500,  4.300,  4.300,  4.300,  4.300
1973-11-22 12:00,  7.600,  7.600,  7.600,  7.600,  7.600,  7.200,  6.100,  4.600,  4.400,  4.300,  4.300,  4.300
1973-12-19 12:00,  5.200,  5.200,  5.200,  5.200,  5.200,  5.200,  5.200,  4.700,  4.600,  4.400,  4.400,  4.300
1974-01-22 12:00,  4.500,  4.500,  4.500,  4.500,  4.500,  4.500,  4.500,  4.700,  4.600,  4.500,  4.500,  4.400
1974-02-19 12:00,  4.400,  4.400,  4.400,  4.400,  4.400,  4.400,  4.400,  4.500,  4.500,  4.500,  4.500,  4.400
1974-03-19 12:00,  4.500,  4.500,  4.500,  4.500,  4.500,  4.500,  4.400,  4.400,  4.400,  4.400,  4.400,  4.500
1974-04-23 12:00,  8.800,  7.600,  6.800,  6.300,  5.800,  5.600,  5.000,  4.600,  4.400,  4.400,  4.400,  4.400
1974-05-14 12:00, 10.600, 10.400,  9.700,  8.300,  6.900,  5.500,  4.700,  4.500,  4.500,  4.400,  4.400,  4.400
1974-06-18 12:00, 15.300, 15.300, 13.000, 10.800,  8.600,  5.900,  4.800,  4.600,  4.500,  4.500,  4.500,  4.500
1974-07-09 12:00, 18.600, 16.600, 16.000, 13.500, 11.000,  7.000,  4.800,  4.500,  4.500,  4.400,  4.400,  4.400
1974-08-13 12:00, 18.200, 17.000, 15.800, 13.800, 11.800,  6.800,  4.900,  4.600,  4.500,  4.500,  4.500,  4.400
1974-09-10 12:00, 18.100, 17.800, 17.600, 13.500,  9.400,  7.600,  5.000,  4.600,  4.500,  4.500,  4.500,  4.500
1974-10-08 12:00, 12.000, 12.000, 12.000, 12.000, 11.900,  7.200,  5.100,  4.500,  4.500,  4.500,  4.500,  4.400
1974-11-05 12:00,  7.900,  7.900,  7.900,  7.900,  7.800,  6.200,  4.800,  4.500,  4.400,  4.400,  4.400,  4.400
1974-12-03 12:00,  6.600,  6.600,  6.600,  6.600,  6.600,  6.600,  6.300,  5.100,  4.700,  4.500,  4.500,  4.400
1975-01-07 12:00,  5.500,  5.500,  5.500,  5.500,  5.500,  5.500,  5.500,  4.800,  4.700,  4.500,  4.500,  4.500
1975-02-04 12:00,  5.200,  5.200,  5.200,  5.200,  5.200,  5.200,  5.200,  5.100,  4.700,  4.500,  4.500,  4.500
1975-03-04 12:00,  5.100,  5.100,  5.100,  5.000,  4.800,  4.800,  4.800,  4.900,  4.800,  4.600,  4.600,  4.500
1975-04-01 12:00,  4.900,  4.900,  4.900,  4.900,  4.900,  4.900,  4.900,  5.000,  4.900,  4.700,  4.700,  4.600
1975-04-29 12:00, 11.200,  8.800,  8.400,  7.000,  5.500,  5.200,  5.100,  4.900,  4.700,  4.700,  4.700,  4.600
1975-05-27 12:00, 11.200, 10.900,  9.700,  8.000,  6.300,  5.400,  5.100,  4.900,  4.800,  4.600,  4.600,  4.500
1975-06-24 12:00, 16.400, 13.100, 11.600,  9.900,  8.200,  5.700,  5.200,  5.000,  4.800,  4.600,  4.600,  4.600
1975-07-22 12:00, 18.900, 18.600, 15.700, 11.700,  7.600,  5.700,  5.000,  5.100,  4.800,  4.700,  4.700,  4.700
1975-08-19 12:00, 17.600, 17.000, 12.700, 11.400, 10.100,  6.800,  5.200,  4.800,  4.800,  4.700,  4.700,  4.600
1975-09-10 12:00, 18.800, 18.200, 14.700, 14.300,  9.100,  6.400,  5.200,  5.100,  5.000,  4.700,  4.600,  4.600
1975-10-23 12:00, 11.700, 11.700, 11.800, 11.800, 11.800,  7.800,  5.600,  5.000,  4.800,  4.700,  4.700,  4.700
1975-11-12 12:00,  9.900,  9.900,  9.900,  9.900,  9.900,  7.700,  5.600,  5.000,  4.900,  4.700,  4.700,  4.600
1975-12-11 12:00,  7.400,  7.400,  7.400,  7.400,  7.400,  7.400,  6.500,  4.900,  4.800,  4.700,  4.600,  4.600
1976-01-13 12:00,  5.200,  5.200,  5.200,  5.200,  5.200,  5.200,  5.200,  5.200,  4.900,  4.700,  4.700,  4.600
1976-02-10 12:00,  4.500,  4.500,  4.500,  4.500,  4.500,  4.500,  4.500,  4.600,  4.600,  4.600,  4.600,  4.500
1976-03-09 12:00,  4.300,  4.300,  4.300,  4.300,  4.200,  4.200,  4.200,  4.400,  4.400,  4.300,  4.200,  4.200
1976-04-07 12:00,  9.200,  7.400,  5.300,  5.100,  4.800,  4.700,  4.500,  4.400,  4.400,  4.400,  4.400,  4.400
1976-05-04 12:00,  7.800,  7.800,  6.600,  6.400,  6.300,  6.100,  4.900,  4.500,  4.400,  4.400,  4.400,  4.400
1976-05-24 12:00, 12.100, 11.400,  9.400,  7.600,  6.400,  5.600,  4.800,  4.500,  4.500,  4.400,  4.400,  4.400
1976-06-22 12:00, 21.400, 18.200, 13.100,  9.600,  7.300,  5.800,  4.700,  4.500,  4.500,  4.500,  4.500,  4.500
1976-07-19 12:00, 24.000, 23.800, 17.900, 11.300,  8.500,  5.700,  4.700,  4.500,  4.500,  4.400,  4.400,  4.400
1976-08-16 12:00, 19.300, 19.300, 19.300, 12.800,  9.200,  6.800,  5.000,  4.600,  4.500,  4.500,  4.400,  4.400
1976-09-13 12:00, 16.200, 16.000, 15.700, 13.800,  8.800,  5.700,  4.800,  4.500,  4.400,  4.400,  4.400,  4.400
1976-10-11 12:00, 15.100, 15.100, 14.300, 12.700,  9.600,  6.500,  5.200,  4.500,  4.400,  4.400,  4.400,  4.400
1976-11-08 12:00,  9.700,  9.700,  9.700,  9.400,  8.300,  6.700,  5.000,  4.500,  4.500,  4.500,  4.400,  4.400
1976-12-06 12:00,  6.600,  6.600,  6.600,  6.600,  6.600,  6.600,  6.200,  4.600,  4.500,  4.400,  4.400,  4.400
1977-01-11 12:00,  4.600,  4.600,  4.600,  4.600,  4.600,  4.600,  4.600,  4.700,  4.500,  4.400,  4.300,  4.300
1977-02-08 12:00,  4.400,  4.400,  4.400,  4.400,  4.400,  4.400,  4.400,  4.400,  4.400,  4.400,  4.300,  4.300
1977-03-08 12:00,  5.100,  4.900,  4.600,  4.600,  4.600,  4.500,  4.500,  4.400,  4.400,  4.300,  4.400,  4.300
1977-04-05 12:00,  5.400,  5.400,  5.400,  5.400,  5.400,  5.300,  5.200,  4.500,  4.400,  4.400,  4.400,  4.400
1977-05-10 12:00,  8.300,  7.700,  6.800,  6.500,  6.400,  6.000,  5.600,  4.700,  4.400,  4.400,  4.400,  4.300
1977-06-07 12:00, 11.900, 11.600,  9.300,  7.900,  7.000,  6.100,  5.500,  4.800,  4.500,  4.400,  4.400,  4.400
1977-07-05 12:00, 21.000, 20.700, 16.000, 10.000,  7.500,  6.100,  5.300,  4.600,  4.500,  4.500,  4.500,  4.500
1977-08-02 12:00, 18.200, 18.200, 15.200, 10.600,  8.400,  6.100,  5.400,  4.900,  4.500,  4.500,  4.500,  4.500
1977-09-05 12:00, 17.900, 17.900, 16.400, 12.700,  9.300,  6.800,  5.500,  4.800,  4.500,  4.500,  4.400,  4.400
1977-10-25 12:00, 11.700, 11.700, 10.400, 10.800,  9.800,  8.000,  5.700,  5.000,  4.600,  4.500,  4.500,  4.500
1977-11-08 12:00, 11.000, 11.000, 11.000, 10.900, 10.400,  8.700,  5.700,  4.900,  4.600,  4.500,  4.400,  4.400
1977-12-06 12:00,  6.700,  6.700,  6.700,  6.700,  6.700,  6.600,  5.900,  4.700,  4.500,  4.400,  4.400,  4.400
1978-01-10 12:00,  5.200,  5.200,  5.200,  5.200,  5.200,  5.200,  5.200,  5.200,  4.700,  4.500,  4.500,  4.500
1978-02-14 12:00,  4.500,  4.500,  4.500,  4.500,  4.500,  4.600,  4.600,  4.600,  4.600,  4.600,  4.500,  4.500
1978-03-07 12:00,  4.500,  4.500,  4.500,  4.500,  4.500,  4.500,  4.500,  4.400,  4.400,  4.300,  4.200,  4.200
1978-04-04 12:00,  6.900,  5.700,  4.700,  4.600,  4.500,  4.500,  4.500,  4.500,  4.500,  4.400,  4.300,  4.300
1978-05-09 12:00,  8.000,  8.000,  7.900,  7.500,  6.300,  5.800,  5.300,  4.600,  4.500,  4.400,  4.300,  4.300
1978-06-06 12:00, 18.100, 12.800,  9.900,  9.500,  8.000,  6.500,  5.300,  4.700,  4.600,  4.500,  4.400,  4.400
1978-07-04 12:00, 15.900, 15.800, 14.100, 10.300,  8.500,  5.900,  4.900,  4.700,  4.500,  4.400,  4.400,  4.400
1978-08-10 12:00, 17.900, 15.500, 14.900, 13.700, 12.200,  8.100,  5.300,  4.700,  4.600,  4.500,  4.500,  4.500
1978-09-05 12:00, 16.200, 16.000, 14.900, 12.800,  9.500,  7.400,  5.200,  4.800,  4.600,  4.600,  4.500,  4.500
1978-10-24 12:00, 11.600, 11.600, 11.600, 11.200,  9.200,  7.100,  5.200,  4.700,  4.600,  4.500,  4.500,  4.500
1978-11-07 12:00, 10.200, 10.200, 10.200, 10.200, 10.200,  7.000,  5.300,  4.700,  4.500,  4.500,  4.500,  4.500
1978-12-05 12:00,  7.200,  7.200,  7.200,  7.200,  7.200,  7.200,  6.000,  4.700,  4.600,  4.500,  4.500,  4.500
1979-01-16 12:00,  4.900,  4.900,  4.900,  4.400,  4.900,  4.900,  4.900,  4.800,  4.800,  4.500,  4.500,  4.500
1979-02-06 12:00,  4.500,  4.500,  4.500,  4.500,  4.500,  4.500,  4.400,  4.400,  4.400,  4.300,  4.200,  4.100
1979-03-06 12:00,  4.500,  4.500,  4.300,  4.300,  4.300,  4.300,  4.200,  4.300,  4.300,  4.300,  4.200,  4.300
1979-04-03 12:00,  4.700,  4.700,  4.700,  4.700,  4.700,  4.700,  4.700,  4.400,  4.400,  4.300,  4.300,  4.300
1979-05-08 12:00,  7.300,  6.900,  6.700,  6.100,  5.800,  5.700,  5.500,  4.600,  4.400,  4.300,  4.300,  4.300
1979-06-05 12:00, 18.900, 12.700, 10.700,  9.000,  6.900,  5.900,  5.000,  4.600,  4.400,  4.400,  4.400,  4.400
1979-07-03 12:00, 16.800, 16.800, 16.800,  9.900,  8.600,  6.800,  5.600,  4.600,  4.500,  4.400,  4.400,  4.400
1979-08-07 12:00, 22.500, 20.800, 15.400, 10.500,  7.900,  6.400,  5.400,  4.600,  4.500,  4.500,  4.500,  4.500
1979-09-11 12:00, 18.600, 18.600, 15.900, 11.600,  8.300,  6.600,  5.300,  4.700,  4.500,  4.400,  4.400,  4.400
1979-10-08 12:00, 14.500, 14.500, 14.500, 13.800,  9.700,  7.100,  5.300,  4.600,  4.500,  4.400,  4.400,  4.400
1979-11-06 12:00, 10.200, 10.200, 10.200, 10.200,  8.600,  6.400,  5.300,  4.600,  4.400,  4.400,  4.400,  4.400
1979-11-19 12:00,  7.500,  7.500,  7.500,  7.100,  6.500,  6.000,  5.300,  4.800,  4.500,  4.400,  4.400,  4.400
1979-12-12 12:00,  6.000,  6.000,  5.800,  5.800,  5.700,  5.700,  5.600,  4.800,  4.500,  4.300,  4.300,  4.300
1980-01-15 12:00,  5.200,  5.200,  5.200,  5.200,  5.200,  5.200,  5.200,  5.100,  4.700,  4.400,  4.400,  4.400
1980-02-05 12:00,  4.600,  4.600,  4.600,  4.600,  4.600,  4.600,  4.600,  4.500,  4.400,  4.400,  4.400,  4.400
1980-03-04 12:00,  4.600,  4.600,  4.500,  4.500,  4.500,  4.500,  4.500,  4.500,  4.500,  4.400,  4.400,  4.400
1980-04-15 12:00,  7.200,  5.800,  5.600,  5.300,  5.300,  5.200,  5.100,  4.600,  4.500,  4.500,  4.500,  4.500
1980-05-06 12:00,  6.600,  6.500,  6.500,  6.500,  6.200,  5.200,  5.000,  4.600,  4.500,  4.400,  4.400,  4.400
1980-06-02 12:00,  8.000,  8.000,  8.000,  7.700,  7.600,  5.700,  5.200,  4.800,  4.500,  4.400,  4.400,  4.400
1980-07-08 12:00, 15.500, 14.800, 13.300, 10.700,  8.600,  6.300,  5.400,  4.700,  4.500,  4.500,  4.500,  4.500
1980-08-05 12:00, 21.400, 19.800, 14.200, 10.900,  9.500,  6.700,  5.200,  4.900,  4.600,  4.600,  4.500,  4.500
1980-09-09 12:00, 17.600, 17.600, 15.600, 12.900, 10.600,  7.600,  5.400,  4.800,  4.600,  4.600,  4.600,  4.600
1980-10-07 12:00, 15.900, 15.700, 15.700, 13.800, 10.900,  7.500,  5.400,  4.800,  4.700,  4.600,  4.500,  4.500
1980-11-12 12:00,  8.000,  8.000,  8.000,  8.000,  8.000,  6.100,  5.200,  4.700,  4.600,  4.500,  4.500,  4.500
1980-12-02 12:00,  6.800,  6.800,  6.800,  6.800,  6.800,  6.800,  6.700,  4.900,  4.600,  4.500,  4.500,  4.500
1981-01-13 12:00,  4.600,  4.600,  4.600,  4.600,  4.600,  4.600,  4.600,  4.600,  4.600,  4.600,  4.500,  4.500
1981-02-10 12:00,  4.300,  4.300,  4.300,  4.300,  4.300,  4.300,  4.300,  4.300,  4.300,  4.300,  4.200,  4.200
1981-03-09 12:00,  4.900,  4.900,  4.900,  4.900,  4.900,  4.900,  4.000,  4.000,  4.000,  3.900,  3.900,  3.900
1981-04-07 12:00,  6.400,  6.300,  5.200,  4.600,  4.500,  4.400,  4.200,  4.100,  4.100,  4.000,  4.000,  3.900
1981-05-05 12:00,  6.800,  6.800,  6.800,  6.800,  6.800,  5.600,  4.400,  4.100,  4.000,  4.000,  4.000,  4.000
1981-06-02 12:00, 17.900, 12.800, 11.000,  8.000,  6.900,  5.800,  4.600,  4.200,  4.100,  4.100,  4.000,  4.000
1981-07-07 12:00, 18.800, 17.900, 13.500,  9.600,  7.900,  6.000,  4.600,  4.300,  4.200,  4.100,  4.100,  4.100
1981-08-04 12:00, 21.200, 17.600, 15.100, 11.900, 10.400,  7.200,  5.000,  4.300,  4.200,  4.100,  4.100,  4.100
1981-09-09 12:00, 19.200, 18.800, 15.800, 11.700, 10.700,  7.000,  5.100,  4.200,  4.100,  4.100,  4.100,  4.100
1981-10-06 12:00, 14.600, 14.600, 14.400, 14.000, 11.700,  8.600,  5.200,  4.300,  4.200,  4.100,  4.100,  4.100
1981-11-10 12:00,  9.400,  9.400,  9.400,  9.400,  9.400,  8.200,  5.500,  4.200,  4.200,  4.200,  4.100,  4.100
1981-12-02 12:00,  6.500,  6.500,  6.500,  6.500,  6.500,  6.500,  6.100,  4.400,  4.200,  4.100,  4.100,  4.100
1982-01-12 12:00,  4.700,  4.700,  4.700,  4.700,  4.700,  4.700,  4.700,  4.900,  4.400,  4.100,  4.100,  4.100
1982-02-02 12:00,  4.200,  4.200,  4.200,  4.200,  4.200,  4.200,  4.200,  4.400,  4.200,  4.200,  4.100,  4.100
1982-03-09 12:00,  4.200,  4.200,  4.200,  4.200,  4.200,  4.200,  4.200,  4.100,  4.200,  4.100,  4.100,  4.100
1982-04-06 12:00,  6.600,  5.400,  4.700,  4.500,  4.500,  4.400,  4.300,  4.200,  4.100,  4.100,  4.100,  4.100
1982-05-11 12:00,  7.700,  7.700,  7.600,  7.100,  6.100,  5.200,  4.900,  4.200,  4.200,  4.100,  4.100,  4.100
1982-06-01 12:00, 15.500, 13.400, 10.700,  7.900,  7.000,  5.800,  4.700,  4.300,  4.200,  4.200,  4.200,  4.200
1982-07-06 12:00, 18.100, 16.900, 15.500, 10.200,  7.500,  6.200,  4.800,  4.300,  4.200,  4.200,  4.200,  4.200
1982-08-03 12:00, 19.300, 19.300, 17.900, 10.500,  8.100,  6.600,  5.100,  4.400,  4.200,  4.200,  4.200,  4.200
1982-09-07 12:00, 18.100, 18.100, 14.200,  9.500,  7.700,  5.900,  4.500,  4.300,  4.200,  4.200,  4.200,  4.200
1982-10-12 12:00, 12.700, 12.700, 12.700, 12.700,  9.700,  6.300,  4.700,  4.400,  4.200,  4.200,  4.200,  4.200
1982-11-09 12:00, 10.400, 10.400, 10.400, 10.400,  9.900,  7.500,  5.500,  4.400,  4.300,  4.200,  4.200,  4.200
1982-12-06 12:00,  7.500,  7.500,  7.500,  7.500,  7.500,  7.500,  6.200,  4.500,  4.300,  4.200,  4.200,  4.200
1982-12-07 12:00,  7.500,  7.500,  7.500,  7.500,  7.500,  7.500,  6.200,  4.500,  4.300,  4.200,  4.200,  4.200
1983-01-11 12:00,  5.800,  5.900,  5.900,  5.800,  5.800,  5.900,  5.900,  4.800,  4.300,  4.200,  4.200,  4.100
1983-02-07 12:00,  4.900,  4.900,  4.900,  4.900,  4.900,  4.900,  4.800,  4.700,  4.500,  4.200,  4.200,  4.200
1983-03-08 12:00,  4.500,  4.500,  4.500,  4.500,  4.400,  4.400,  4.300,  4.200,  4.200,  4.200,  4.200,  4.200
1983-04-12 12:00,  5.000,  5.000,  5.000,  5.000,  5.000,  5.000,  5.000,  4.400,  4.400,  4.300,  4.300,  4.300
1983-05-03 12:00,  6.700,  6.700,  6.700,  6.700,  6.500,  5.800,  5.200,  4.600,  4.400,  4.300,  4.300,  4.300
1983-06-07 12:00, 15.100, 14.900, 10.300,  9.200,  7.200,  5.600,  5.300,  4.600,  4.500,  4.300,  4.300,  4.300
1983-07-05 12:00, 19.100, 19.000, 13.200, 10.500,  8.500,  6.300,  5.300,  4.600,  4.400,  4.400,  4.300,  4.300
1983-08-09 12:00, 18.400, 18.200, 12.700, 10.400,  8.900,  6.800,  5.400,  4.700,  4.400,  4.300,  4.300,  4.300
1983-09-06 12:00, 18.900, 18.600, 16.700, 11.100,  9.400,  6.800,  5.300,  4.600,  4.400,  4.400,  4.300,  4.300
1983-10-11 12:00, 15.000, 15.000, 15.000, 14.100, 10.900,  7.400,  5.500,  4.700,  4.400,  4.400,  4.300,  4.300
1983-11-08 12:00, 10.700, 10.700, 10.700, 10.700, 10.700,  7.300,  5.500,  4.700,  4.500,  4.400,  4.300,  4.300
1983-12-06 12:00,  6.500,  6.500,  6.500,  6.500,  6.500,  6.500,  6.400,  4.800,  4.500,  4.400,  4.400,  4.400
1984-01-10 12:00,  5.100,  5.100,  5.100,  5.100,  5.100,  5.100,  5.100,  5.000,  4.600,  4.500,  4.400,  4.400
1984-02-14 12:00,  4.500,  4.500,  4.500,  4.500,  4.500,  4.500,  4.500,  4.500,  4.500,  4.500,  4.500,  4.400
1984-03-13 12:00,  4.100,  4.100,  4.100,  4.100,  4.100,  4.100,  4.100,  4.100,  4.200,  4.300,  4.200,  4.200
1984-04-03 12:00,  4.400,  4.400,  4.400,  4.400,  4.400,  4.400,  4.400,  4.100,  4.100,  4.100,  4.100,  4.100
1984-05-16 12:00,  9.600,  8.400,  7.800,  7.600,  7.600,  6.600,  5.000,  4.300,  4.200,  4.100,  4.100,  4.100
1984-06-05 12:00, 11.900, 11.700, 10.500,  9.500,  7.300,  5.500,  4.400,  4.200,  4.200,  4.200,  4.100,  4.200
1984-07-04 12:00, 12.500, 11.500, 10.900, 10.600,  8.600,  6.300,  4.800,  4.200,  4.200,  4.200,  4.200,  4.200
1984-08-07 12:00, 19.200, 19.200, 12.900, 10.200,  8.600,  6.600,  4.700,  4.200,  4.200,  4.100,  4.200,  4.200
1984-09-11 12:00, 15.400, 15.400, 15.100,  9.400,  7.200,  5.600,  4.600,  4.200,  4.200,  4.200,  4.200,  4.200
1984-10-16 12:00, 12.700, 12.700, 12.700, 12.600, 11.600,  7.700,  4.900,  4.300,  4.200,  4.200,  4.200,  4.200
1984-11-06 12:00, 11.200, 11.200, 11.200, 11.200, 11.200,  7.700,  5.200,  4.300,  4.200,  4.200,  4.200,  4.200
1984-12-04 12:00,  8.200,  8.200,  8.200,  8.200,  8.200,  7.500,  5.400,  4.300,  4.200,  4.200,  4.200,  4.200
1985-01-23 12:00,  4.200,  4.200,  4.200,  4.200,  4.200,  4.000,  3.900,  4.100,  4.200,  4.200,  4.200,  4.200
1985-02-05 12:00,  3.800,  3.900,  3.900,  4.000,  4.000,  4.000,  4.000,  4.000,  4.200,  4.200,  4.200,  4.200
1985-03-06 12:00,  3.700,  3.700,  3.700,  3.700,  3.700,  3.700,  3.700,  3.800,  4.000,  4.100,  4.000,  3.900
1985-04-02 12:00,  3.900,  3.900,  3.900,  4.000,  4.000,  4.000,  4.000,  3.900,  3.900,  3.900,  3.900,  3.900
1985-05-08 12:00,  7.000,  6.800,  6.600,  5.800,  5.400,  5.000,  4.500,  4.100,  4.000,  3.900,  3.900,  3.900
1985-06-11 12:00,  9.900,  9.500,  7.500,  6.100,  5.700,  5.300,  4.800,  4.100,  4.000,  3.900,  3.900,  3.900
1985-07-09 12:00, 18.700, 18.700, 15.100, 11.400,  8.000,  5.500,  4.900,  4.100,  4.000,  3.900,  3.900,  3.900
1985-08-06 12:00, 19.800, 19.800, 18.000,  9.300,  7.800,  5.900,  4.900,  4.100,  4.000,  3.900,  3.900,  4.000
1985-09-11 12:00, 16.400, 16.400, 16.400, 14.300, 10.200,  6.400,  5.100,  4.200,  3.900,  3.900,  3.900,  3.900
1985-10-09 12:00, 16.900, 16.900, 16.900, 12.400,  9.500,  6.800,  5.100,  4.200,  4.100,  4.000,  4.000,  4.000
1985-11-05 12:00, 10.800, 10.800, 10.800, 10.800, 10.800,  6.600,  5.100,  4.200,  4.100,  4.000,  4.000,  4.100
1985-12-03 12:00,  6.500,  6.500,  6.500,  6.500,  6.500,  6.400,  6.300,  4.500,  4.100,  4.000,  4.000,  4.000
1986-01-08 12:00,  5.000,  5.000,  5.000,  5.000,  5.100,  5.100,  5.100,  4.400,  4.100,  4.000,  4.000,  4.100
1986-02-04 12:00,  4.300,  4.300,  4.300,  4.300,  4.300,  4.300,  4.300,  4.300,  4.200,  4.200,  4.100,  4.100
1986-03-04 12:00,  2.900,  3.000,  3.000,  3.000,  3.100,  3.200,  3.300,  3.500,  3.900,  4.100,  4.000,  4.100
1986-04-08 12:00,  4.200,  4.200,  4.200,  4.200,  4.100,  4.100,  4.000,  4.100,  4.000,  4.000,  3.900,  4.000
1986-05-13 12:00, 14.200,  8.800,  6.300,  5.000,  4.600,  4.500,  4.100,  4.000,  4.000,  4.000,  4.000,  4.000
1986-06-03 12:00, 13.200, 13.100,  8.600,  5.800,  5.300,  4.900,  4.400,  4.000,  4.000,  4.000,  4.000,  4.000
1986-07-08 12:00, 17.800, 17.500,  9.500,  8.400,  7.400,  5.800,  4.500,  4.200,  4.100,  4.100,  4.100,  4.100
1986-08-05 12:00, 22.500, 17.700, 11.000,  7.900,  6.200,  5.100,  4.400,  4.100,  4.100,  4.000,  4.000,  4.100
1986-09-03 12:00, 16.600, 16.600, 13.000, 10.000,  7.500,  5.500,  4.300,  4.100,  4.100,  4.000,  4.100,  4.100
1986-10-07 12:00, 15.400, 15.400, 15.100, 14.700,  9.000,  5.700,  4.500,  4.100,  4.100,  4.100,  4.100,  4.100
1986-11-04 12:00, 10.300, 10.300, 10.300, 10.300,  8.700,  6.500,  4.600,  4.200,  4.100,  4.100,  4.100,  4.100
1986-12-02 12:00,  8.200,  8.200,  8.200,  8.200,  8.100,  8.000,  5.000,  4.200,  4.100,  4.100,  4.100,  4.100
1987-01-20 12:00,  4.200,  4.200,  4.200,  4.200,  4.200,  4.200,  4.200,  4.200,  4.200,  4.200,  4.100,  4.100
1987-02-10 12:00,  3.900,  3.900,  3.900,  3.900,  3.900,  3.900,  3.900,  4.000,  4.100,  4.100,  4.100,  4.100
1987-03-10 12:00,  3.700,  3.700,  3.700,  3.700,  3.700,  3.700,  3.700,  3.800,  4.000,  4.000,  3.900,  3.900
1987-04-07 12:00,  4.800,  4.200,  4.000,  3.900,  3.900,  3.900,  3.900,  3.900,  3.800,  3.800,  3.900,  3.900
1987-05-05 12:00,  7.300,  7.300,  6.300,  5.300,  4.500,  4.200,  4.100,  4.100,  3.900,  3.900,  3.900,  3.900
1987-06-02 12:00, 13.200, 10.500,  8.900,  7.600,  6.900,  5.900,  4.300,  4.100,  4.000,  4.000,  4.000,  4.000
1987-07-07 12:00, 19.500, 16.500, 12.100, 11.100,  9.000,  5.600,  4.400,  4.400,  4.400,  4.400,  4.400,  4.400
1987-08-04 12:00, 17.000, 16.800, 13.900, 10.500,  7.700,  5.900,  4.700,  4.700,  4.700,  4.100,  4.100,  4.000
1987-09-01 12:00, 19.400, 18.100, 13.600,  9.000,  7.500,  6.200,  5.000,  4.400,  4.300,  4.100,  4.100,  4.100
1987-10-06 12:00, 14.200, 14.100, 14.100, 11.300,  8.900,  6.300,  4.800,  4.300,  4.100,  4.100,  4.100,  4.100
1987-11-03 12:00, 11.200, 11.200, 11.100, 11.000,  9.700,  8.100,  5.300,  4.300,  4.200,  4.100,  4.100,  4.100
1987-12-01 12:00,  7.700,  7.700,  7.700,  7.700,  7.700,  7.000,  5.300,  4.300,  4.200,  4.100,  4.100,  4.100
1988-01-12 12:00,  5.700,  5.700,  5.700,  5.700,  5.700,  5.700,  5.800,  5.000,  4.100,  4.100,  4.100,  4.100
1988-02-09 12:00,  5.100,  5.100,  5.100,  5.100,  5.100,  5.100,  5.100,  4.400,  4.200,  4.100,  4.000,  4.000
1988-03-02 12:00,  4.500,  4.500,  4.500,  4.500,  4.500,  4.500,  4.500,  4.500,  4.600,  4.400,  4.100,  4.100
1988-04-12 12:00,  7.100,  6.500,  5.700,  5.600,  5.500,  5.000,  4.600,  4.600,  4.500,  4.300,  4.200,  4.100
1988-05-02 12:00, 11.100,  8.600,  7.200,  6.900,  6.500,  5.600,  4.700,  4.000,  4.000,  4.000,  4.000,  4.000
1988-06-06 12:00, 14.300, 14.200, 11.400,  8.600,  7.400,  6.400,  5.700,  4.100,  4.100,  4.100,  4.100,  4.100
1988-07-04 12:00, 18.000, 18.000, 15.000,  9.000,  6.600,  5.400,  4.700,  4.100,  4.100,  4.100,  4.100,  4.100
1988-08-01 12:00, 21.200, 19.500, 15.500,  8.500,  6.700,  5.300,  4.700,  4.700,  4.600,  4.400,  4.300,  4.300
1988-09-06 12:00, 18.300, 17.700, 17.300, 14.000,  7.700,  5.400,  4.700,  4.600,  4.600,  4.500,  4.400,  4.300
1988-10-04 12:00, 15.100, 15.100, 15.100, 15.100,  9.600,  5.800,  4.700,  4.700,  4.600,  4.400,  4.400,  4.400
1988-11-07 12:00, 10.300, 10.400, 10.400, 10.400, 10.300, 10.000,  5.500,  4.700,  4.600,  4.500,  4.400,  4.300
1988-12-05 12:00,  7.000,  7.000,  7.000,  7.000,  7.000,  7.000,  6.900,  4.800,  4.600,  4.400,  4.400,  4.400
1988-12-06 12:00,  7.000,  7.000,  7.000,  7.000,  7.000,  7.000,  6.900,  4.800,  4.600,  4.400,  4.400,  4.400
1989-01-10 12:00,  5.300,  5.300,  5.300,  5.300,  5.300,  5.300,  5.300,  4.900,  4.600,  4.400,  4.400,  4.400
1989-02-14 12:00,  4.900,  4.900,  4.900,  4.900,  4.900,  4.900,  4.800,  4.800,  4.600,  4.400,  4.400,  4.400
1989-03-07 12:00,  5.100,  5.000,  4.600,  4.600,  4.600,  4.600,  4.600,  4.600,  4.600,  4.500,  4.500,  4.500
1989-04-04 12:00,  6.900,  6.900,  6.900,  6.800,  5.600,  5.200,  4.800,  4.800,  4.600,  4.500,  4.400,  4.400
1989-05-09 12:00, 10.700, 10.100,  8.900,  7.700,  7.100,  7.000,  5.200,  4.800,  4.600,  4.500,  4.500,  4.400
1989-06-06 12:00, 14.900, 14.000, 11.300,  9.500,  7.100,  6.600,  5.200,  4.900,  4.600,  4.600,  4.500,  4.400
1989-07-04 12:00, 18.700, 18.700, 16.600, 10.400,  7.800,  6.500,  5.200,  4.900,  4.700,  4.600,  4.500,  4.400
1989-08-02 12:00, 16.200, 15.700, 15.700, 10.300,  8.000,  6.600,  5.000,  4.900,  4.700,  4.600,  4.500,  4.500
1989-09-05 12:00, 17.700, 17.600, 17.400, 14.700, 10.600,  7.600,  6.000,  5.000,  4.800,  4.700,  4.600,  4.600
1989-10-03 12:00, 15.600, 15.600, 15.600, 15.500, 10.000,  7.200,  5.400,  5.100,  4.700,  4.600,  4.500,  4.500
1989-11-07 12:00, 11.400, 11.400, 11.400, 11.400, 11.400,  7.000,  5.400,  4.900,  4.700,  4.600,  4.500,  4.500
1989-12-05 12:00,  7.000,  7.000,  7.100,  7.100,  7.100,  7.000,  5.300,  4.900,  4.600,  4.500,  4.500,  4.500
1990-01-09 12:00,  5.200,  5.300,  5.300,  5.300,  5.300,  5.300,  5.300,  4.900,  4.700,  4.600,  4.500,  4.500
1990-02-06 12:00,  4.800,  4.800,  4.800,  4.800,  4.800,  4.800,  4.800,  4.900,  4.800,  4.600,  4.500,  4.500
1990-03-06 12:00,  4.900,  4.900,  4.800,  4.800,  4.800,  4.800,  4.700,  4.700,  4.700,  4.700,  4.700,  4.600
1990-04-03 12:00,  6.800,  6.000,  5.600,  5.400,  5.300,  5.100,  5.000,  5.000,  4.900,  4.800,  4.700,  4.700
1990-05-08 12:00, 12.900, 10.300,  7.200,  6.600,  6.100,  5.500,  5.000,  5.000,  5.000,  4.800,  4.700,  4.700
1990-06-12 12:00, 14.300, 14.300, 14.200,  9.000,  7.200,  6.400,  5.800,  5.100,  5.000,  4.900,  4.800,  4.800
1990-07-03 12:00, 18.000, 17.300, 15.800, 13.000,  7.500,  7.000,  6.400,  5.200,  5.000,  4.900,  4.800,  4.800
1990-08-07 12:00, 22.500, 22.500, 14.200, 11.200,  8.500,  6.400,  5.400,  5.200,  5.000,  4.900,  4.800,  4.800
1990-09-04 12:00, 18.700, 18.700, 16.400, 14.100, 10.000,  6.600,  5.000,  5.200,  5.000,  4.900,  4.800,  4.800
1990-10-02 12:00, 15.000, 15.000, 14.900, 12.000,  8.600,  6.700,  5.100,  5.100,  5.000,  4.900,  4.800,  4.800
1990-11-06 12:00, 10.600, 10.600, 10.600, 10.600, 10.600, 10.400,  5.800,  5.400,  5.000,  4.800,  4.700,  4.700
1990-12-04 12:00,  7.400,  7.400,  7.400,  7.400,  7.400,  7.400,  6.200,  5.100,  5.000,  4.900,  4.800,  4.800
1991-01-08 12:00,  5.500,  5.500,  5.500,  5.500,  5.500,  5.500,  5.500,  5.300,  5.100,  4.900,  4.800,  4.800
1991-02-05 12:00,  4.500,  4.500,  4.500,  4.600,  4.600,  4.600,  4.600,  4.900,  5.000,  4.900,  4.900,  4.800
1991-03-05 12:00,  4.500,  4.500,  4.500,  4.500,  4.500,  4.400,  4.300,  4.600,  4.600,  4.600,  4.500,  4.400
1991-04-09 12:00,  6.600,  6.500,  6.400,  5.200,  5.000,  4.900,  4.700,  4.600,  4.500,  4.500,  4.500,  4.400
1991-05-07 12:00,  9.000,  9.000,  8.500,  7.100,  6.300,  5.300,  4.700,  4.500,  4.500,  4.500,  4.400,  4.400
1991-06-04 12:00, 13.800, 13.700, 12.300,  8.600,  7.000,  5.100,  4.400,  4.500,  4.500,  4.500,  4.500,  4.400
1991-07-02 12:00, 17.900, 15.400, 12.500, 10.700,  8.700,  6.300,  4.600,  4.700,  4.700,  4.600,  4.500,  4.500
1991-08-06 12:00, 20.100, 20.000, 17.100, 11.300,  8.500,  5.800,  4.600,  4.700,  4.600,  4.500,  4.500,  4.500
1991-09-03 12:00, 20.100, 20.200, 20.000, 12.800,  9.000,  5.900,  4.800,  4.600,  4.500,  4.500,  4.400,  4.400
1991-10-10 12:00, 14.900, 14.900, 14.900, 12.900,  8.000,  6.400,  4.800,  4.700,  4.600,  4.600,  4.500,  4.500
1991-11-12 12:00,  9.000,  9.000,  9.000,  9.000,  9.000,  8.900,  5.300,  4.700,  4.600,  4.600,  4.600,  4.500
1991-12-03 12:00,  7.100,  7.100,  7.100,  7.100,  7.100,  7.100,  5.600,  4.700,  4.600,  4.500,  4.500,  4.500
1992-01-08 12:00,  5.000,  5.000,  5.000,  5.000,  4.900,  4.900,  5.000,  4.600,  4.500,  4.500,  4.500,  4.400
1992-02-04 12:00,  4.600,  4.600,  4.600,  4.600,  4.600,  4.600,  4.500,  4.400,  4.400,  4.500,  4.500,  4.500
1992-03-10 12:00,  5.100,  5.100,  4.700,  4.700,  4.500,  4.500,  4.400,  4.300,  4.400,  4.300,  4.200,  4.100
1992-04-07 12:00,  5.000,  5.000,  5.000,  5.000,  4.900,  4.900,  4.800,  4.600,  4.400,  4.300,  4.300,  4.300
1992-05-05 12:00,  8.300,  8.200,  7.600,  6.200,  5.800,  5.600,  5.200,  4.700,  4.400,  4.400,  4.400,  4.300
1992-06-02 12:00, 18.000, 12.000,  9.400,  7.900,  7.000,  6.000,  5.100,  4.800,  4.600,  4.400,  4.400,  4.400
1992-07-07 12:00, 19.200, 19.000, 16.800,  7.900,  6.800,  5.600,  5.400,  4.700,  4.600,  4.500,  4.500,  4.400
1992-08-04 12:00, 23.800, 23.700, 13.900, 11.400,  8.300,  7.400,  5.200,  4.700,  4.600,  4.500,  4.500,  4.400
1992-09-02 12:00, 20.200, 19.600, 15.700, 12.200, 11.500,  9.900,  5.100,  4.700,  4.600,  4.500,  4.500,  4.500
1992-10-06 12:00, 15.800, 15.700, 15.700, 15.700, 13.000,  7.400,  5.400,  4.800,  4.500,  4.500,  4.500,  4.500
1992-11-03 12:00,  9.200,  9.100,  9.000,  8.800,  7.300,  5.600,  5.300,  4.700,  4.500,  4.500,  4.400,  4.400
1992-12-02 12:00,  7.900,  7.900,  7.900,  7.800,  7.800,  7.600,  5.600,  4.800,  4.500,  4.500,  4.500,  4.500
1993-01-12 12:00,  5.200,  5.200,  5.200,  5.200,  5.200,  5.100,  5.000,  4.700,  4.500,  4.500,  4.500,  4.500
1993-02-09 12:00,  4.600,  4.600,  4.700,  4.700,  4.600,  4.700,  4.700,  4.600,  4.500,  4.500,  4.500,  4.500
1993-03-09 12:00,  4.500,  4.500,  4.500,  4.500,  4.500,  4.500,  4.500,  4.500,  4.500,  4.500,  4.500,  4.500
1993-04-14 12:00,  6.200,  6.100,  6.000,  5.300,  5.000,  4.900,  4.600,  4.500,  4.500,  4.500,  4.500,  4.500
1993-05-04 12:00, 12.200, 12.100,  9.000,  7.200,  6.500,  5.200,  4.700,  4.600,  4.600,  4.600,  4.500,  4.500
1993-06-01 12:00, 15.600, 14.900, 11.500, 10.200,  8.000,  5.800,  4.900,  4.600,  4.600,  4.500,  4.500,  4.500
1993-07-06 12:00, 20.600, 20.500, 19.800, 17.300, 10.000,  7.700,  4.900,  4.700,  4.600,  4.600,  4.600,  4.600
1993-08-04 12:00, 21.000, 18.800, 16.800, 13.000,  9.700,  6.600,  4.900,  4.700,  4.600,  4.600,  4.600,  4.600
1993-09-08 12:00, 16.800, 16.600, 15.800, 12.600,  9.600,  6.200,  5.000,  4.700,  4.600,  4.600,  4.600,  4.600
1993-10-05 12:00, 14.000, 13.900, 13.900, 13.900, 12.600,  7.200,  5.100,  4.700,  4.600,  4.600,  4.600,  4.600
1993-11-02 12:00, 10.000, 10.000, 10.000,  9.900,  9.700,  7.000,  5.200,  4.600,  4.600,  4.600,  4.600,  4.600
1993-12-07 12:00,  6.200,  6.200,  6.200,  6.200,  6.200,  6.200,  6.100,  4.700,  4.600,  4.600,  4.500,  4.500
1994-01-12 12:00,  5.100,  5.100,  5.100,  5.100,  5.100,  5.100,  5.100,  5.100,  4.700,  4.600,  4.600,  4.600
1994-02-08 12:00,  4.800,  4.800,  4.800,  4.800,  4.800,  4.800,  4.800,  4.900,  4.900,  4.700,  4.700,  4.600
1994-03-08 12:00,  4.900,  4.900,  4.900,  4.900,  4.800,  4.800,  4.700,  4.600,  4.500,  4.500,  4.500,  4.500
1994-04-05 12:00,  5.800,  5.700,  5.700,  5.700,  5.700,  5.700,  5.600,  4.800,  4.700,  4.600,  4.600,  4.600
1994-05-05 12:00, 10.000,  9.900,  9.800,  9.500,  9.000,  6.200,  5.400,  4.900,  4.800,  4.700,  4.600,  4.600
1994-06-07 12:00, 10.300,  9.800,  9.200,  8.200,  7.900,  7.500,  5.600,  5.000,  4.700,  4.700,  4.600,  4.600
1994-07-05 12:00, 24.000, 22.800, 11.800, 10.900,  8.300,  5.800,  5.400,  5.000,  4.800,  4.700,  4.700,  4.600
1994-08-09 12:00, 23.700, 23.700, 17.400, 12.800, 11.500,  9.000,  5.700,  5.100,  4.800,  4.700,  4.700,  4.700
1994-09-07 12:00, 19.900, 19.900, 19.400, 15.200, 12.600,  9.000,  5.800,  5.100,  4.800,  4.800,  4.700,  4.700
1994-10-12 12:00, 13.300, 13.300, 13.300, 13.300, 13.200,  7.900,  5.600,  5.100,  4.800,  4.700,  4.700,  4.700
1994-11-08 12:00, 11.400, 11.400, 11.400, 11.400, 11.400,  7.800,  5.600,  5.100,  4.800,  4.700,  4.700,  4.700
1994-12-06 12:00,  9.400,  9.400,  9.400,  9.400,  9.400,  8.700,  5.700,  5.000,  4.700,  4.700,  4.700,  4.700
1995-01-30 12:00,  5.200,  5.200,  5.200,  5.200,  5.200,  5.200,  5.200,  5.200,  4.900,  4.800,  4.600,  4.400
1995-02-21 12:00,  5.700,  5.200,  5.200,  5.100,  5.100,  5.100,  5.100,  5.100,  4.900,  4.700,  4.700,  4.700
1995-03-07 12:00,  5.300,  5.300,  5.300,  5.300,  5.300,  5.300,  5.300,  5.300,  5.100,  4.900,  4.700,  4.700
1995-03-22 12:00,  5.300,  5.200,  5.200,  5.200,  5.200,  5.200,  5.200,  5.200,  5.000,  4.700,  4.700,  4.700
1995-04-04 12:00,  6.800,  5.700,  5.200,  5.200,  5.100,  5.100,  5.100,  5.100,  5.000,  4.900,  4.800,  4.800
1995-04-18 12:00,  6.000,  6.000,  6.000,  6.000,  5.900,  5.400,  5.100,  5.100,  5.000,  4.800,  4.800,  4.800
1995-05-09 12:00, 12.900, 12.100,  8.300,  7.200,  7.000,  6.600,  5.700,  5.100,  5.000,  4.800,  4.800,  4.800
1995-05-23 12:00, 12.300, 10.600, 10.200,  9.500,  8.800,  6.400,  5.500,  5.100,  5.000,  4.900,  4.800,  4.800
1995-06-06 12:00, 14.200, 14.200, 12.100, 10.400,  8.200,  6.400,  5.600,  5.100,  5.000,  4.900,  4.900,  4.800
1995-06-20 12:00, 19.200, 15.500, 13.300, 10.400,  8.300,  7.000,  5.700,  5.300,  5.100,  5.000,  4.900,  4.900
1995-07-18 12:00, 22.400, 21.100, 11.700, 10.200,  8.400,  6.600,  5.700,  5.500,  5.300,  5.000,  5.000,  4.900
1995-08-01 12:00, 24.000, 22.400, 14.100, 10.300,  8.400,  6.900,  5.600,  5.300,  5.100,  5.000,  4.900,  4.900
1995-08-15 12:00, 22.000, 21.700, 14.300, 10.900,  8.800,  6.900,  5.800,  5.100,  5.100,  5.000,  5.000,  4.900
1995-09-05 12:00, 15.100, 14.400, 14.100, 13.300,  9.000,  7.800,  5.800,  5.700,  5.100,  5.000,  4.900,  4.900
1995-10-10 12:00, 14.800, 15.000, 13.800, 11.500,  9.100,  7.000,  5.800,  5.300,  5.100,  5.100,  4.900,  4.900
1995-11-07 12:00, 11.000, 11.100, 11.200, 10.500, 10.500,  8.200,  6.000,  5.300,  5.100,  5.000,  4.900,  4.900
1995-11-21 12:00,  9.200,  9.300,  9.400,  9.300,  9.300,  9.300,  7.300,  5.400,  5.400,  5.400,  5.400,  4.900
1995-12-05 12:00,  7.500,  7.500,  7.500,  7.500,  7.500,  7.500,  5.900,  5.200,  5.100,  5.000,  4.900,  4.900
1995-12-19 12:00,  6.300,  6.300,  6.300,  6.300,  6.300,  6.300,  6.300,  5.300,  5.100,  5.100,  5.000,  4.900
1996-01-09 12:00,  5.400,  5.600,  5.500,  5.500,  5.500,  5.500,  5.500,  5.400,  5.400,  5.000,  5.000,  4.900
1996-01-24 12:00,  4.900,  5.100,  5.100,  5.000,  5.000,  5.000,  5.000,  5.000,  5.100,  5.200,  5.100,  5.300
1996-02-06 12:00,  4.700,  4.800,  4.700,  4.600,  4.700,  4.700,  4.700,  4.800,  4.900,  4.900,  4.900,  4.900
1996-03-05 12:00,  5.000,  4.500,  4.500,  4.500,  4.500,  4.500,  4.500,  4.500,  4.500,  4.500,  4.500,  4.500
1996-03-19 12:00,  5.000,  4.700,  4.700,  4.700,  4.600,  4.500,  4.500,  4.500,  4.500,  4.400,  4.400,  4.400
1996-04-09 12:00,  6.000,  6.000,  5.200,  4.800,  4.700,  4.700,  4.700,  4.700,  4.500,  4.400,  4.400,  4.400
1996-05-07 12:00, 11.900,  8.000,  7.500,  6.900,  5.800,  5.000,  4.800,  4.600,  4.500,  4.400,  4.400,  4.400
1996-05-21 12:00, 12.000, 11.800,  8.100,  6.100,  5.400,  5.000,  4.700,  4.600,  4.500,  4.500,  4.500,  4.400
1996-06-11 12:00, 20.900, 17.300, 12.200, 10.300,  8.200,  5.900,  4.900,  4.600,  4.600,  4.500,  4.500,  4.500
1996-06-25 12:00, 16.500, 16.400, 14.100, 11.100,  8.500,  6.000,  4.800,  4.600,  4.500,  4.500,  4.500,  4.500
1996-07-09 12:00, 14.000, 13.600, 12.900, 12.100,  7.200,  5.600,  4.700,  4.600,  4.500,  4.500,  4.500,  4.500
1996-07-23 12:00, 18.300, 17.800, 16.800, 12.800,  9.000,  6.700,  5.000,  4.600,  4.500,  4.500,  4.500,  4.500
1996-08-06 12:00, 20.300, 20.300, 17.000, 12.800,  9.900,  6.000,  5.000,  4.600,  4.600,  4.500,  4.500,  4.500
1996-08-20 12:00, 20.200, 19.700, 19.400, 12.900,  9.700,  7.100,  5.100,  4.600,  4.600,  4.600,  4.500,  4.400
1996-09-03 12:00, 17.400, 17.400, 17.400, 14.100, 10.500,  7.000,  5.000,  4.600,  4.600,  4.500,  4.500,  4.500
1996-09-16 12:00, 15.700, 15.700, 15.500, 12.500, 12.400, 12.400,  5.100,  4.600,  4.600,  4.500,  4.500,  4.500
1996-10-08 12:00, 12.900, 13.000, 12.900, 13.000, 12.500,  7.600,  5.000,  4.600,  4.500,  4.500,  4.500,  4.500
1996-10-22 12:00, 12.100, 12.100, 12.000, 12.000,  9.700,  9.700,  5.200,  4.600,  4.600,  4.600,  4.500,  4.500
1996-11-05 12:00, 10.900, 11.000, 11.000, 10.800, 10.700,  7.000,  4.900,  4.500,  4.700,  4.400,  4.400,  4.400
1996-11-20 12:00,  9.200,  9.200,  9.200,  9.200,  9.200,  9.200,  6.000,  4.600,  4.500,  4.500,  4.500,  4.500
1996-12-03 12:00,  6.900,  7.500,  7.400,  6.900,  6.900,  6.800,  7.100,  4.600,  4.600,  4.500,  4.500,  4.500
1996-12-17 12:00,  6.600,  6.600,  6.600,  6.600,  6.600,  6.600,  6.500,  4.700,  4.500,  4.500,  4.500,  4.500
1997-01-07 12:00,  4.700,  4.900,  4.900,  4.900,  5.000,  5.000,  5.000,  4.800,  4.500,  4.500,  4.500,  4.500
1997-01-21 12:00,  4.500,  4.400,  4.400,  4.400,  4.400,  4.400,  4.400,  4.500,  4.500,  4.500,  4.500,  4.300
1997-02-04 12:00,  4.300,  4.300,  4.300,  4.300,  4.300,  4.400,  4.400,  4.400,  4.400,  4.400,  4.400,  4.400
1997-02-18 12:00,  4.300,  4.300,  4.300,  4.300,  4.300,  4.300,  4.300,  4.300,  4.300,  4.400,  4.400,  4.300
1997-03-04 12:00,  5.000,  4.900,  4.800,  4.700,  4.500,  4.400,  4.400,  4.400,  4.400,  4.400,  4.300,  4.400
1997-03-18 12:00,  6.300,  6.200,  5.400,  5.000,  4.800,  4.500,  4.500,  4.500,  4.400,  4.400,  4.400,  4.400
1997-04-08 12:00,  5.700,  5.700,  5.700,  5.700,  5.600,  5.600,  4.800,  4.500,  4.400,  4.400,  4.400,  4.400
1997-04-22 12:00,  6.500,  6.400,  6.400,  6.400,  6.400,  6.400,  5.100,  4.400,  4.400,  4.400,  4.400,  4.400
1997-05-05 12:00, 12.300,  8.700,  7.700,  6.900,  6.400,  5.700,  5.000,  4.500,  4.500,  4.400,  4.400,  4.400
1997-05-20 12:00, 12.000, 10.100,  8.900,  8.200,  8.100,  7.000,  5.200,  4.500,  4.400,  4.400,  4.400,  4.400
1997-06-03 12:00, 14.300, 12.900, 12.800, 10.900,  8.000,  7.100,  5.500,  4.500,  4.500,  4.500,  4.400,  4.500
1997-06-17 12:00, 18.900, 15.800, 12.500,  9.700,  8.100,  7.000,  5.600,  4.600,  4.500,  4.500,  4.500,  4.500
1997-07-01 12:00, 16.100, 16.100, 15.800, 12.000,  8.900,  6.800,  5.400,  4.600,  4.500,  4.500,  4.500,  4.500
1997-07-15 12:00, 19.000, 18.800, 14.500, 10.500,  8.600,  7.500,  5.500,  4.600,  4.500,  4.500,  4.500,  4.500
1997-08-05 12:00, 20.900, 17.900, 16.100, 13.800,  9.500,  7.100,  5.500,  4.600,  4.600,  4.500,  4.500,  4.500
1997-08-19 12:00, 22.100, 19.000, 15.400, 11.500,  9.500,  7.100,  5.600,  4.600,  4.500,  4.500,  4.500,  4.500
1997-09-02 12:00, 20.700, 19.100, 15.500, 11.700,  9.600,  7.300,  5.600,  4.700,  4.600,  4.500,  4.500,  4.500
1997-09-16 12:00, 17.900, 17.900, 17.300, 12.200,  9.900,  7.300,  5.500,  4.600,  4.600,  4.500,  4.500,  4.500
1997-10-07 12:00, 16.600, 16.600, 16.300, 14.100, 10.000,  7.400,  5.500,  4.600,  4.500,  4.500,  4.500,  4.500
1997-10-21 12:00, 13.500, 13.400, 13.400, 11.700,  8.100,  6.600,  6.600,  4.600,  4.500,  4.500,  4.500,  4.500
1997-11-04 12:00,  9.900,  9.900,  9.900,  9.800,  9.700,  7.600,  5.500,  4.600,  4.500,  4.500,  4.500,  4.500
1997-11-18 12:00,  8.800,  8.800,  8.800,  8.800,  8.800,  8.800,  6.700,  4.700,  4.600,  4.500,  4.500,  4.500
1997-12-02 12:00,  8.100,  8.100,  8.100,  8.100,  8.100,  8.100,  6.200,  4.700,  4.500,  4.500,  4.500,  4.500
1997-12-16 12:00,  6.900,  6.900,  6.900,  6.900,  6.900,  7.000,  6.900,  4.900,  5.100,  4.500,  4.500,  4.500
1998-01-07 12:00,  5.900,  5.900,  5.900,  5.900,  5.900,  5.900,  5.800,  4.900,  4.500,  4.500,  4.500,  4.500
1998-01-22 12:00,  5.600,  5.600,  5.600,  5.600,  5.600,  5.600,  5.600,  5.600,  4.600,  4.500,  4.500,  4.500
1998-02-03 12:00,  5.000,  5.000,  5.000,  5.000,  5.000,  5.000,  5.000,  4.900,  4.500,  4.500,  4.500,  4.500
1998-02-17 12:00,  5.100,  5.000,  5.000,  4.900,  4.900,  4.900,  4.800,  4.800,  4.500,  4.500,  4.500,  4.500
1998-03-03 12:00,  5.100,  5.000,  5.000,  5.000,  5.000,  5.000,  4.800,  4.600,  4.500,  4.500,  4.500,  4.500
1998-03-17 12:00,  5.100,  5.100,  5.000,  5.000,  5.000,  5.000,  5.000,  4.800,  4.600,  4.500,  4.500,  4.500
1998-04-06 12:00,  6.200,  6.200,  6.100,  5.800,  5.300,  5.100,  5.100,  4.900,  4.600,  4.500,  4.500,  4.500
1998-04-21 12:00,  6.800,  6.600,  6.200,  6.200,  6.200,  6.100,  5.700,  5.000,  4.700,  4.500,  4.500,  4.500
1998-05-05 12:00,  9.100,  9.000,  8.600,  7.400,  6.800,  6.000,  5.400,  4.900,  4.600,  4.500,  4.500,  4.500
1998-05-19 12:00, 13.000, 12.400, 11.500,  8.700,  7.600,  6.800,  5.800,  5.000,  4.700,  4.600,  4.500,  4.500
1998-06-02 12:00, 16.500, 15.200, 12.900,  9.300,  7.700,  6.500,  5.100,  5.000,  4.800,  4.600,  4.600,  4.600
1998-06-16 12:00, 15.900, 15.800, 13.700, 12.400,  8.900,  6.600,  5.700,  5.000,  4.700,  4.600,  4.600,  4.600
1998-07-06 12:00, 17.800, 17.500, 12.400, 10.500,  7.500,  6.600,  5.600,  5.000,  4.700,  4.600,  4.600,  4.600
1998-07-21 12:00, 21.200, 19.000, 14.800, 10.400,  8.000,  6.500,  5.700,  5.000,  4.800,  4.600,  4.600,  4.600
1998-08-04 12:00, 20.100, 20.000, 17.200, 10.200,  8.100,  6.600,  5.700,  5.000,  4.700,  4.600,  4.600,  4.600
1998-08-18 12:00, 23.200, 23.100, 18.500, 12.200,  9.200,  6.700,  5.800,  5.000,  4.700,  4.600,  4.600,  4.600
1998-09-01 12:00, 18.800, 18.800, 16.600, 10.000,  8.000,  6.400,  5.700,  4.900,  4.700,  4.600,  4.600,  4.600
1998-09-16 12:00, 15.900, 15.800, 15.800, 15.500, 14.600,  8.200,  5.800,  5.100,  4.800,  4.700,  4.600,  4.600
1998-10-06 12:00, 14.000, 14.000, 14.000, 13.100, 11.200,  6.800,  5.700,  5.000,  4.800,  4.600,  4.600,  4.600
1998-10-20 12:00, 12.900, 12.900, 12.900, 12.800, 11.700,  7.600,  5.700,  5.000,  4.800,  4.700,  4.600,  4.600
1998-11-04 12:00,  9.400,  9.300,  9.300,  8.900,  7.600,  6.400,  5.600,  5.000,  4.700,  4.600,  4.600,  4.600
1998-11-17 12:00,  8.000,  7.700,  7.700,  7.500,  7.400,  7.200,  6.300,  5.100,  4.700,  4.600,  4.600,  4.600
1998-12-01 12:00,  7.000,  7.000,  7.000,  7.000,  7.000,  7.000,  6.000,  5.100,  4.800,  4.600,  4.600,  4.600
1998-12-15 12:00,  6.200,  6.100,  6.100,  6.100,  6.100,  6.100,  6.100,  5.500,  4.900,  4.700,  4.600,  4.600
1999-01-14 12:00,  5.300,  5.300,  5.300,  5.300,  5.300,  5.300,  5.300,  5.100,  4.800,  4.600,  4.600,  4.600
1999-01-26 12:00,  5.300,  5.200,  5.200,  5.200,  5.200,  5.200,  5.200,  5.200,  4.900,  4.600,  4.600,  4.600
1999-02-09 12:00,  4.900,  4.800,  4.800,  4.800,  4.800,  4.800,  4.800,  4.800,  4.800,  4.700,  4.600,  4.600
1999-02-24 12:00,  4.600,  4.500,  4.500,  4.500,  4.500,  4.500,  4.500,  4.500,  4.500,  4.200,  4.100,  4.100
1999-03-09 12:00,  4.600,  4.600,  4.600,  4.600,  4.600,  4.600,  4.500,  4.500,  4.500,  4.400,  4.200,  4.200
1999-03-23 12:00,  5.000,  4.900,  4.900,  4.900,  4.900,  4.900,  4.700,  4.500,  4.500,  4.300,  4.400,  4.400
1999-04-06 12:00,  8.300,  6.200,  5.200,  5.200,  5.200,  5.200,  4.700,  4.700,  4.500,  4.500,  4.400,  4.400
1999-04-20 12:00,  6.100,  5.700,  5.500,  5.400,  5.200,  5.000,  4.900,  4.500,  4.500,  4.400,  4.400,  4.400
1999-05-04 12:00, 10.800, 10.700,  7.200,  6.100,  5.900,  5.100,  4.900,  4.500,  4.500,  4.500,  4.500,  4.400
1999-05-18 12:00, 11.700, 11.500,  9.700,  6.500,  6.000,  5.300,  4.900,  4.500,  4.500,  4.500,  4.500,  4.500
1999-06-08 12:00, 14.500, 14.500,  9.200,  7.700,  6.800,  5.700,  5.000,  4.600,  4.600,  4.600,  4.500,  4.500
1999-06-22 12:00, 11.100, 10.900, 10.200,  9.800,  8.000,  6.300,  5.300,  4.600,  4.600,  4.500,  4.500,  4.500
1999-07-06 12:00, 20.300, 19.400, 11.800,  8.800,  7.500,  6.100,  5.200,  4.600,  4.600,  4.500,  4.500,  4.500
1999-07-20 12:00, 21.100, 18.800, 12.300, 10.200,  7.800,  6.500,  5.200,  4.700,  4.700,  4.600,  4.600,  4.600
1999-08-03 12:00, 20.700, 19.000, 12.500,  9.800,  8.000,  6.300,  5.200,  4.700,  4.500,  4.600,  4.500,  4.500
1999-08-17 12:00, 19.200, 19.200, 14.000,  9.700,  8.300,  6.500,  5.400,  4.800,  4.800,  4.600,  4.600,  4.600
1999-09-07 12:00, 18.900, 18.400, 15.300,  9.500,  8.200,  6.400,  5.300,  4.700,  4.700,  4.600,  4.600,  4.600
1999-09-21 12:00, 18.600, 18.600, 14.800, 11.400,  8.900,  6.300,  5.300,  4.700,  4.600,  4.600,  4.600,  4.600
1999-10-05 12:00, 14.900, 15.100, 15.100, 11.700,  9.000,  6.700,  5.000,  4.700,  4.600,  4.600,  4.600,  4.600
1999-10-19 12:00, 12.400, 12.500, 12.500, 12.400, 10.500,  6.800,  5.500,  4.700,  4.600,  4.600,  4.500,  4.500
1999-11-02 12:00, 11.500, 11.500, 11.500, 11.500, 10.800,  7.800,  5.700,  4.700,  4.600,  4.600,  4.600,  4.600
1999-11-16 12:00,  8.900,  8.800,  8.800,  8.900,  8.900,  8.900,  5.700,  4.700,  4.600,  4.600,  4.500,  4.500
1999-11-30 12:00,  6.900,  6.800,  6.800,  6.900,  6.900,  6.700,  5.400,  4.700,  4.600,  4.600,  4.500,  4.500
1999-12-14 12:00,  5.900,  5.800,  5.800,  5.800,  5.700,  5.600,  5.400,  4.700,  4.600,  4.500,  4.500,  4.500
2000-01-11 12:00,  5.100,  5.000,  5.000,  5.100,  5.000,  5.000,  4.900,  4.900,  4.700,  4.600,  4.500,  4.500
2000-01-25 12:00,  4.600,  4.600,  4.700,  4.700,  4.700,  4.700,  4.700,  4.700,  4.700,  4.600,  4.600,  4.600
2000-02-08 12:00,  4.600,  4.600,  4.700,  4.700,  4.600,  4.600,  4.600,  4.600,  4.600,  4.600,  4.600,  4.600
2000-02-22 12:00,  4.700,  4.600,  4.600,  4.600,  4.600,  4.500,  4.500,  4.500,  4.500,  4.500,  4.500,  4.500
2000-03-07 12:00,  4.700,  4.700,  4.600,  4.600,  4.600,  4.600,  4.500,  4.500,  4.500,  4.500,  4.500,  4.500
2000-03-21 12:00,  4.900,  4.900,  4.900,  4.900,  4.900,  4.800,  4.800,  4.600,  4.500,  4.500,  4.500,  4.500
2000-04-04 12:00,  5.500,  5.400,  5.200,  5.000,  5.000,  4.900,  4.700,  4.700,  4.600,  4.600,  4.500,  4.500
2000-04-18 12:00,  6.400,  6.300,  6.300,  6.300,  6.000,  5.400,  5.000,  4.800,  4.600,  4.500,  4.500,  4.500
2000-05-02 12:00, 12.200,  9.100,  8.200,  6.100,  5.900,  5.700,  5.100,  4.600,  4.500,  4.500,  4.500,  4.500
2000-05-16 12:00, 17.700, 16.000, 10.000,  8.300,  6.400,  5.800,  5.200,  4.700,  4.700,  4.600,  4.600,  4.600
2000-06-07 12:00, 16.000, 14.500, 12.700,  8.500,  7.000,  5.600,  4.900,  4.600,  4.600,  4.600,  4.600,  4.600
2000-06-19 12:00, 19.800, 19.000, 12.900, 10.100,  7.800,  6.700,  5.100,  4.700,  4.600,  4.600,  4.600,  4.600
2000-07-04 12:00, 20.500, 20.100, 13.400,  9.600,  7.400,  6.900,  5.200,  4.700,  4.600,  4.600,  4.600,  4.600
2000-08-01 12:00, 19.400, 18.400, 15.000, 10.100,  8.600,  6.400,  6.400,  4.700,  4.700,  4.600,  4.600,  4.600
2000-08-29 12:00, 21.100, 21.100, 14.400, 11.300,  8.300,  6.400,  5.400,  4.700,  4.700,  4.700,  4.700,  4.700
2000-10-11 12:00, 13.900, 13.900, 13.900, 12.900, 10.800,  7.300,  5.500,  4.700,  4.700,  4.700,  4.700,  4.700
2000-10-24 12:00, 13.100, 13.100, 13.100, 13.000, 10.600,  7.200,  5.800,  4.800,  4.700,  4.600,  4.600,  4.600
2000-11-07 12:00, 11.000, 11.000, 10.900, 10.800,  9.900,  7.400,  5.200,  4.600,  4.600,  4.600,  4.600,  4.700
2000-11-21 12:00,  9.000,  8.900,  9.000,  8.900,  8.800,  8.300,  5.800,  4.800,  4.600,  4.600,  4.600,  4.600
2000-12-05 12:00,  8.300,  8.300,  8.300,  8.300,  8.300,  8.400,  6.200,  4.800,  4.600,  4.600,  4.600,  4.600
2000-12-19 12:00,  7.900,  7.700,  7.700,  7.700,  7.700,  7.700,  6.500,  4.800,  4.700,  4.600,  4.600,  4.600
2001-01-09 12:00,  6.300,  6.300,  6.300,  6.300,  6.300,  6.300,  5.900,  4.800,  4.700,  4.600,  4.600,  4.600
2001-01-23 12:00,  5.700,  5.600,  5.600,  5.600,  5.600,  5.600,  5.600,  5.200,  4.600,  4.600,  4.600,  4.600
2001-02-07 12:00,  5.500,  5.400,  5.300,  5.300,  5.300,  5.300,  5.300,  5.300,  4.700,  4.600,  4.600,  4.600
2001-02-20 12:00,  5.300,  5.200,  5.200,  5.200,  5.200,  5.200,  5.200,  5.200,  4.700,  4.600,  4.600,  4.600
2001-03-06 12:00,  5.200,  5.100,  5.100,  5.100,  5.100,  5.100,  5.000,  5.000,  4.800,  4.600,  4.600,  4.600
2001-03-20 12:00,  5.300,  5.200,  5.200,  5.200,  5.200,  5.200,  5.200,  5.000,  4.800,  4.600,  4.600,  4.600
2001-04-03 12:00,  8.300,  6.800,  6.300,  6.100,  6.000,  5.800,  5.600,  5.100,  4.800,  4.700,  4.600,  4.600
2001-04-18 12:00,  6.700,  6.700,  6.600,  6.600,  6.400,  6.000,  5.400,  5.000,  4.800,  4.700,  4.600,  4.600
2001-05-02 12:00, 10.000,  8.100,  7.100,  6.900,  6.800,  6.600,  6.000,  5.100,  4.800,  4.700,  4.600,  4.600
2001-05-15 12:00, 14.600, 13.900,  8.900,  7.600,  7.100,  6.400,  5.600,  5.100,  4.800,  4.700,  4.700,  4.700
2001-06-05 12:00, 15.800, 13.900, 13.900,  9.300,  7.900,  6.600,  5.700,  5.100,  5.100,  4.700,  4.700,  4.700
2001-06-19 12:00, 11.400, 11.200, 11.100, 10.100,  6.600,  6.400,  5.400,  5.000,  4.800,  4.700,  4.700,  4.700
2001-07-03 12:00, 20.100, 16.400, 13.400, 10.700,  9.000,  6.800,  5.700,  5.100,  4.800,  4.700,  4.700,  4.700
2001-07-17 12:00, 18.800, 18.800, 18.800, 10.600,  8.100,  6.600,  5.700,  5.100,  4.900,  4.700,  4.700,  4.700
2001-08-07 12:00, 20.200, 19.700, 15.700, 11.900,  8.900,  7.500,  6.100,  5.200,  4.900,  4.700,  4.700,  4.700
2001-08-21 12:00, 21.800, 21.700, 14.600, 10.900,  8.200,  7.000,  5.900,  5.100,  4.800,  4.800,  4.700,  4.700
2001-09-11 12:00, 13.700, 13.700, 13.100, 12.200, 10.400,  8.400,  6.100,  5.100,  4.800,  4.700,  4.700,  4.700
2001-09-25 12:00, 13.900, 13.900, 13.900, 13.800, 13.800,  7.500,  6.100,  5.200,  4.900,  4.700,  4.700,  4.700
2001-10-09 12:00, 14.700, 14.600, 14.200, 12.200, 10.400,  7.600,  5.900,  5.200,  4.900,  4.900,  4.700,  4.700
2001-10-23 12:00, 14.400, 14.400, 14.300, 12.600, 11.300,  8.400,  6.100,  5.200,  4.900,  4.800,  4.700,  4.700
2001-11-06 12:00, 12.500, 12.400, 12.400, 12.400, 10.700,  8.900,  5.900,  5.200,  4.900,  4.700,  4.700,  4.700
2001-11-20 12:00,  8.800,  8.700,  8.700,  8.700,  8.600,  8.300,  6.000,  5.100,  4.900,  4.800,  4.700,  4.700
2001-12-04 12:00,  7.900,  7.800,  7.800,  7.800,  7.800,  7.800,  7.100,  5.100,  5.100,  4.700,  4.700,  4.700
2001-12-18 12:00,  6.400,  6.300,  6.300,  6.300,  6.300,  6.300,  6.300,  5.300,  4.900,  4.800,  4.700,  4.700
2002-01-08 12:00,  5.100,  6.500,  5.100,  5.100,  5.100,  5.100,  5.100,  5.100,  4.900,  4.700,  4.700,  4.700
2002-01-22 12:00,  5.000,  4.900,  4.900,  4.900,  4.900,  4.900,  4.800,  4.800,  4.800,  4.800,  4.700,  4.700
2002-02-05 12:00,  5.100,  5.000,  5.000,  4.900,  4.900,  4.900,  4.900,  4.900,  4.900,  4.700,  4.700,  4.700
2002-02-19 12:00,  5.100,  4.900,  4.900,  4.800,  4.800,  4.800,  4.800,  4.800,  4.700,  4.700,  4.700,  4.700
2002-03-05 12:00,  5.000,  4.900,  4.800,  5.000,  4.900,  4.800,  4.800,  4.800,  4.800,  4.800,  4.700,  4.700
2002-03-19 12:00,  7.400,  7.100,  6.500,  5.600,  5.200,  5.100,  4.900,  4.800,  4.700,  4.700,  4.700,  4.700
2002-04-09 12:00,  6.400,  6.400,  6.300,  6.300,  6.200,  6.200,  5.700,  5.100,  4.900,  4.800,  4.700,  4.700
2002-04-23 12:00,  8.600,  8.200,  7.600,  7.100,  6.700,  6.100,  5.400,  5.000,  4.900,  4.800,  4.800,  4.800
2002-05-07 12:00,  9.300,  9.100,  9.100,  8.600,  7.000,  6.400,  5.700,  5.000,  4.800,  4.800,  4.800,  4.800
2002-06-04 12:00, 16.500, 15.900, 13.400,  8.400,  7.500,  7.000,  5.600,  5.100,  4.900,  4.800,  4.800,  4.800
2002-06-18 12:00, 23.000, 17.800, 12.200,  9.100,  7.500,  6.400,  5.600,  5.000,  4.900,  4.900,  4.800,  4.800
2002-07-02 12:00, 20.600, 20.400, 13.200, 10.800,  8.500,  7.100,  5.600,  5.100,  4.900,  4.800,  4.800,  4.800
2002-08-06 12:00, 20.600, 20.600, 18.000, 10.700,  8.300,  6.700,  5.600,  5.100,  4.900,  4.900,  4.900,  4.900
2002-08-20 12:00, 21.500, 19.200, 16.200, 13.200,  9.100,  7.100,  5.900,  5.100,  5.000,  4.900,  4.800,  4.800
2002-09-03 12:00, 19.700, 19.600, 16.600, 13.000, 10.600,  7.100,  5.800,  5.100,  4.900,  4.900,  4.800,  4.800
2002-09-17 12:00, 17.400, 17.400, 17.400, 15.200,  9.800,  7.300,  5.800,  5.100,  4.900,  4.900,  4.800,  4.800
2002-10-08 12:00, 13.900, 13.900, 13.800, 13.800, 11.600,  7.500,  6.000,  5.100,  4.900,  4.800,  4.800,  4.800
2002-10-22 12:00, 12.300, 12.100, 12.100, 12.000, 11.200,  8.000,  6.100,  5.100,  4.900,  4.900,  4.800,  4.800
2002-11-05 12:00, 10.700, 10.700, 10.700, 10.700, 10.600,  7.400,  5.700,  5.100,  4.900,  4.900,  4.800,  4.800
2002-11-19 12:00,  9.300,  9.300,  9.300,  9.300,  9.300,  9.300,  7.100,  5.100,  5.000,  4.900,  4.900,  4.900
2002-12-03 12:00,  8.500,  8.600,  8.500,  8.600,  8.600,  8.400,  6.800,  5.200,  5.100,  4.900,  4.800,  4.800
2002-12-17 12:00,  7.300,  7.300,  7.300,  7.300,  7.300,  7.300,  7.300,  5.500,  5.000,  4.900,  4.900,  4.800
2003-01-08 12:00,  6.500,  6.500,  6.500,  6.500,  6.500,  6.500,  6.500,  6.000,  5.000,  4.900,  4.800,  4.800
2003-01-21 12:00,  5.700,  5.700,  5.700,  5.700,  5.700,  5.700,  5.700,  5.700,  5.100,  4.900,  4.900,  4.800
2003-02-04 12:00,  5.100,  5.100,  5.200,  5.200,  5.200,  5.200,  5.200,  5.100,  5.100,  4.900,  4.900,  4.800
2003-02-18 12:00,  4.800,  4.800,  4.800,  4.800,  4.800,  4.800,  4.800,  4.800,  4.800,  4.900,  4.800,  4.800
2003-03-04 12:00,  4.800,  4.800,  4.800,  4.800,  4.800,  4.800,  4.800,  4.800,  4.600,  4.500,  4.500,  4.500
2003-03-18 12:00,  5.100,  5.100,  5.000,  4.900,  4.900,  4.900,  4.900,  4.800,  4.600,  4.500,  4.500,  4.500
2003-04-07 12:00,  5.700,  5.700,  5.700,  5.700,  5.700,  5.700,  5.200,  4.700,  4.600,  4.500,  4.500,  4.500
2003-04-22 12:00,  8.100,  7.700,  7.400,  7.100,  6.300,  5.600,  5.400,  4.800,  4.600,  4.500,  4.500,  4.500
2003-05-05 12:00, 12.300, 10.700,  9.500,  8.600,  7.300,  5.600,  5.200,  4.800,  4.600,  4.600,  4.500,  4.500
2003-05-21 12:00, 11.600, 11.500, 11.500,  8.300,  6.700,  5.600,  5.200,  4.700,  4.600,  4.600,  4.500,  4.500
2003-06-02 12:00, 18.200, 15.500, 12.800,  9.800,  7.200,  5.700,  5.100,  4.800,  4.600,  4.600,  4.600,  4.500
2003-06-17 12:00, 22.500, 16.900, 11.900,  9.700,  7.500,  6.000,  5.100,  4.700,  4.600,  4.600,  4.600,  4.600
2003-06-30 12:00, 23.900, 23.300, 13.400,  9.700,  7.500,  5.900,  5.200,  4.800,  4.600,  4.600,  4.600,  4.600
2003-07-15 12:00, 22.000, 21.900, 16.900,  9.800,  7.700,  5.800,  5.200,  4.800,  4.600,  4.600,  4.600,  4.600
2003-08-04 12:00, 24.100, 23.000, 18.500, 10.800,  8.400,  5.900,  5.200,  4.700,  4.600,  4.600,  4.600,  4.600
2003-08-19 12:00, 24.200, 24.200, 21.700, 13.300, 10.500,  6.300,  5.300,  4.800,  4.600,  4.600,  4.600,  4.600
2003-09-08 12:00, 19.800, 19.800, 19.800, 12.300,  8.500,  6.200,  5.300,  4.700,  4.700,  4.600,  4.600,  4.600
2003-09-24 12:00, 17.700, 18.000, 17.800, 12.400,  9.100,  6.200,  5.200,  4.800,  4.600,  4.600,  4.600,  4.600
2003-10-06 12:00, 14.100, 13.600, 11.200, 10.100,  7.000,  5.900,  5.200,  4.700,  4.600,  4.600,  4.600,  4.600
2003-10-20 12:00, 11.400, 11.400, 11.200,  9.700,  7.800,  6.300,  5.300,  4.900,  4.700,  4.600,  4.600,  4.600
2003-11-03 12:00,  9.500,  9.500,  9.500,  9.500,  9.500,  9.500,  5.900,  4.900,  4.700,  4.600,  4.600,  4.600
2003-11-18 12:00,  8.600,  8.600,  8.600,  8.600,  8.600,  8.000,  5.600,  4.800,  4.700,  4.600,  4.600,  4.600
2003-12-01 12:00,  8.000,  8.000,  8.000,  8.000,  8.000,  8.000,  6.100,  4.800,  4.700,  4.600,  4.600,  4.600
2004-01-12 12:00,  5.500,  5.500,  5.500,  5.500,  5.500,  5.500,  5.500,  5.200,  4.700,  4.600,  4.600,  4.600
2004-02-03 12:00,  4.900,  4.900,  4.900,  4.900,  4.900,  4.900,  4.900,  4.900,  4.800,  4.700,  4.600,  4.600
2004-02-16 12:00,  4.800,  4.800,  4.800,  4.800,  4.800,  4.800,  4.800,  4.800,  4.800,  4.700,  4.700,  4.700
2004-03-02 12:00,  4.600,  4.600,  4.600,  4.600,  4.600,  4.600,  4.600,  4.600,  4.700,  4.600,  4.600,  4.600
2004-03-16 12:00,  5.200,  5.200,  5.000,  4.900,  4.700,  4.600,  4.600,  4.600,  4.400,  4.600,  4.500,  4.500
2004-03-30 12:00,  5.000,  5.000,  4.900,  4.900,  4.900,  4.700,  4.700,  4.700,  4.600,  4.500,  4.500,  4.400
2004-04-13 12:00,  5.700,  5.700,  5.700,  5.700,  5.700,  5.300,  5.000,  4.800,  4.700,  4.700,  4.500,  4.500
2004-05-03 12:00, 12.600, 10.200, 10.000,  8.000,  6.200,  5.500,  4.800,  4.600,  4.600,  4.500,  4.500,  4.500
2004-05-17 12:00, 12.500, 12.000,  9.400,  8.000,  7.200,  5.400,  5.000,  4.600,  4.600,  4.500,  4.500,  4.500
2004-06-07 12:00, 16.000, 15.600, 11.500,  8.500,  7.200,  5.700,  5.000,  4.700,  4.600,  4.600,  4.500,  4.500
2004-06-21 12:00, 16.400, 15.900, 11.100,  9.000,  7.600,  5.700,  5.000,  4.700,  4.600,  4.600,  4.500,  4.500
2004-07-05 12:00, 18.700, 17.900, 13.800,  9.800,  7.100,  5.800,  5.200,  4.700,  4.600,  4.500,  4.500,  4.600
2004-07-19 12:00, 19.400, 19.000, 16.800,  9.300,  7.800,  5.900,  5.100,  4.600,  4.600,  4.500,  4.500,  4.600
2004-08-02 12:00, 23.800, 21.400, 15.000, 10.500,  8.400,  6.100,  5.100,  4.700,  4.600,  4.600,  4.500,  4.600
2004-09-06 12:00, 19.200, 19.200, 17.900, 11.100,  8.400,  6.600,  5.300,  4.700,  4.600,  4.600,  4.600,  4.600
2004-10-04 12:00, 15.300, 15.300, 14.500, 12.600,  9.500,  6.200,  5.200,  4.700,  4.600,  4.600,  4.600,  4.600
2004-11-02 12:00, 12.800, 12.800, 12.800, 12.800, 10.400,  7.300,  5.200,  4.700,  4.600,  4.600,  4.600,  4.600
2004-12-06 12:00,  7.900,  7.800,  7.900,  7.900,  7.900,  6.000,  5.200,  4.700,  4.700,  4.600,  4.600,  4.600
2005-01-10 12:00,  5.700,  5.600,  5.600,  5.600,  5.600,  5.600,  5.500,  4.700,  4.600,  4.600,  4.600,  4.600
2005-01-31 12:00,  4.700,  4.700,  4.700,  4.700,  4.700,  4.700,  4.700,  4.700,  4.700,  4.600,  4.600,  4.600
2005-02-21 12:00,  4.600,  4.600,  4.600,  4.600,  4.600,  4.600,  4.600,  4.600,  4.500,  4.500,  4.600,  4.500
2005-03-07 12:00,  4.400,  4.300,  4.300,  4.300,  4.300,  4.300,  4.300,  4.300,  4.400,  4.500,  4.400,  4.300
2005-03-21 12:00,  5.700,  5.400,  5.200,  4.900,  4.300,  4.200,  4.300,  4.200,  4.200,  4.200,  4.200,  4.200
2005-04-04 12:00,  8.300,  7.600,  6.800,  6.200,  5.000,  4.400,  4.200,  4.200,  4.200,  4.100,  4.200,  4.200
2005-04-18 12:00,  7.800,  7.300,  7.100,  5.800,  4.900,  4.300,  4.200,  4.200,  4.200,  4.200,  4.100,  4.200
2005-05-02 12:00, 14.100,  8.700,  7.300,  7.000,  6.000,  4.600,  4.300,  4.200,  4.200,  4.200,  4.200,  4.300
2005-05-17 12:00,  9.800,  9.400,  9.200,  8.300,  6.900,  5.100,  4.400,  4.200,  4.200,  4.200,  4.200,  4.200
2005-06-06 12:00, 14.600, 13.900, 12.400,  8.900,  6.900,  5.500,  4.300,  4.200,  4.200,  4.200,  4.200,  4.200
2005-06-20 12:00, 19.100, 18.000, 13.800,  9.800,  7.500,  5.600,  4.400,  4.200,  4.200,  4.200,  4.200,  4.300
2005-07-04 12:00, 21.300, 20.000, 14.000,  9.500,  7.700,  6.300,  4.500,  4.200,  4.200,  4.200,  4.200,  4.300
2005-07-18 12:00, 22.400, 19.900, 15.200, 10.700,  7.900,  6.000,  4.400,  4.200,  4.200,  4.200,  4.200,  4.300
2005-08-01 12:00, 21.000, 20.900, 17.500, 10.500,  8.800,  6.000,  4.500,  4.200,  4.200,  4.200,  4.200,  4.300
2005-08-15 12:00, 18.600, 18.600, 17.400,  8.800,  7.000,  5.600,  4.400,  4.200,  4.200,  4.200,  4.200,  4.300
2005-09-05 12:00, 19.600, 19.400, 15.400,  9.900,  7.700,  6.000,  5.200,  4.800,  4.500,  4.300,  4.400,  4.400
2005-09-20 12:00, 16.400, 16.400, 16.400, 13.100,  8.400,  5.800,  5.200,  4.500,  4.400,  4.300,  4.300,  4.300
2005-10-04 12:00, 15.200, 15.200, 15.200, 12.600,  8.700,  6.100,  5.200,  4.300,  4.300,  4.300,  4.300,  4.300
2005-10-17 12:00, 14.500, 14.500, 14.500, 14.500, 11.300,  7.000,  5.100,  4.400,  4.300,  4.300,  4.300,  4.300
2005-11-07 12:00, 12.800, 12.800, 12.800, 12.800, 11.000,  6.500,  5.300,  4.400,  4.300,  4.300,  4.300,  4.300
2005-11-21 12:00,  9.800,  9.900,  9.900,  9.900,  9.900,  7.500,  5.200,  4.500,  4.300,  4.300,  4.300,  4.300
2005-12-05 12:00,  7.300,  7.200,  7.200,  7.200,  7.200,  6.400,  5.100,  4.400,  4.200,  4.200,  4.200,  4.200
2006-01-10 12:00,  4.700,  4.800,  4.800,  4.800,  4.800,  4.800,  4.800,  4.700,  4.500,  4.400,  4.400,  4.400
2006-01-30 12:00,  4.300,  4.200,  4.200,  4.200,  4.200,  4.300,  4.300,  4.300,  4.400,  4.300,  4.200,  4.200
2006-02-13 12:00,  4.200,  4.100,  4.100,  4.100,  4.100,  4.100,  4.100,  4.100,  4.100,  4.100,  4.100,  4.100
2006-03-06 12:00,  4.100,  3.900,  3.900,  3.900,  3.900,  3.900,  3.900,  3.900,  3.900,  3.900,  4.000,  3.900
2006-03-20 12:00,  3.900,  3.900,  3.900,  3.900,  3.900,  3.900,  3.900,  3.900,  3.900,  3.900,  3.800,  3.700
2006-04-03 12:00,  4.400,  4.400,  4.300,  4.300,  4.300,  4.300,  4.200,  3.900,  3.800,  3.800,  3.900,  3.900
2006-04-18 12:00,  5.600,  5.000,  4.700,  4.700,  4.700,  4.500,  4.300,  4.000,  4.100,  4.400,  4.300,  3.900
2006-05-02 12:00,  9.400,  7.700,  5.900,  5.200,  4.900,  4.600,  4.200,  4.100,  4.000,  3.900,  3.900,  3.900
2006-05-15 12:00, 12.200, 11.900,  7.300,  5.500,  4.900,  4.600,  4.300,  3.900,  4.000,  3.900,  3.900,  3.900
2006-05-29 12:00, 12.700, 10.200,  8.800,  7.400,  5.600,  4.600,  4.300,  4.000,  4.000,  3.900,  3.900,  3.900
2006-06-12 12:00, 15.900, 15.500, 11.100,  8.700,  7.200,  4.700,  4.300,  4.100,  4.000,  3.900,  3.900,  3.900
2006-07-03 12:00, 20.000, 19.900, 12.600,  9.100,  7.300,  5.300,  4.500,  4.000,  4.000,  3.900,  3.900,  3.900
2006-07-17 12:00, 20.900, 20.800, 14.600,  9.000,  7.200,  5.200,  4.400,  4.000,  4.000,  4.000,  3.900,  3.900
2006-08-08 12:00, 20.200, 20.100, 19.100, 10.300,  8.300,  6.200,  4.500,  4.000,  4.000,  4.000,  4.000,  4.000
2006-08-21 12:00, 18.100, 18.100, 18.100, 12.600,  8.000,  5.400,  4.400,  4.000,  4.100,  4.000,  4.000,  4.000
2006-09-11 12:00, 18.000, 17.900, 17.100, 14.900,  8.500,  5.900,  4.600,  4.000,  4.000,  4.000,  4.000,  4.000
2006-09-25 12:00, 18.200, 18.200, 18.200, 13.900,  8.400,  5.700,  4.500,  4.000,  4.000,  4.000,  4.000,  4.000
2006-10-09 12:00, 15.900, 15.700, 15.700, 15.600,  9.800,  6.000,  4.500,  4.000,  4.000,  4.000,  4.000,  4.000
2006-10-23 12:00, 15.000, 14.800, 13.600, 11.000,  8.900,  6.100,  4.600,  4.100,  4.000,  4.000,  4.000,  4.000
2006-11-07 12:00, 12.500, 12.500, 12.500, 12.500,  9.900,  6.100,  4.700,  4.100,  4.000,  4.000,  4.000,  4.000
2006-11-20 12:00, 10.500, 10.500, 10.500, 10.500,  9.300,  6.500,  4.800,  4.000,  4.000,  4.000,  4.000,  4.000
2006-12-05 12:00,  9.500,  9.500,  9.500,  9.500,  9.500,  7.400,  4.900,  4.100,  4.100,  4.000,  4.000,  4.000
2007-01-08 12:00,  6.600,  6.300,  6.300,  6.300,  6.300,  6.300,  6.000,  4.600,  4.200,  4.200,  4.000,  4.000
2007-01-22 12:00,  5.800,  5.600,  5.600,  5.600,  5.600,  5.400,  4.900,  4.400,  4.100,  4.000,  4.000,  4.000
2007-02-05 12:00,  5.600,  5.500,  5.500,  5.500,  5.500,  5.500,  5.300,  5.000,  4.300,  4.100,  4.100,  4.000
2007-02-19 12:00,  5.200,  5.200,  5.200,  5.200,  5.200,  5.200,  5.200,  5.000,  4.300,  4.100,  4.100,  4.100
2007-03-05 12:00,  5.600,  5.500,  5.400,  5.400,  5.400,  5.400,  5.300,  5.000,  4.300,  4.100,  4.100,  4.100
2007-03-19 12:00,  5.900,  5.800,  5.800,  5.800,  5.800,  5.600,  5.400,  4.800,  4.300,  4.100,  4.100,  4.100
2007-04-02 12:00,  6.500,  6.300,  6.200,  6.100,  6.100,  6.000,  5.300,  4.900,  4.400,  4.100,  4.100,  4.100
2007-05-07 12:00, 13.000, 10.500,  7.000,  6.500,  6.300,  6.000,  5.500,  4.700,  4.300,  4.100,  4.100,  4.100
2007-06-04 12:00, 15.200, 13.100, 10.100,  8.500,  8.000,  6.000,  5.400,  4.800,  4.400,  4.200,  4.100,  4.100
2007-07-02 12:00, 18.100, 16.100, 12.000, 10.100,  8.800,  6.800,  5.600,  4.800,  4.300,  4.100,  4.100,  4.100
2007-08-06 12:00, 20.600, 20.300, 18.900, 12.900, 11.400,  8.100,  5.900,  5.000,  4.500,  4.200,  4.100,  4.100
2007-09-03 12:00, 20.000, 19.800, 18.100, 14.800, 12.000,  8.200,  5.900,  4.900,  4.400,  4.200,  4.200,  4.100
2007-10-08 12:00, 15.900, 15.900, 15.900, 15.900, 13.600,  8.300,  6.000,  5.000,  4.500,  4.300,  4.200,  4.200
2007-11-05 12:00, 11.300, 11.200, 11.200, 11.200, 11.200, 10.900,  6.200,  5.000,  4.500,  4.200,  4.200,  4.200
2007-12-05 12:00,  7.400,  7.300,  7.300,  7.300,  7.300,  7.300,  7.200,  5.500,  4.700,  4.300,  4.300,  4.300
2008-01-07 12:00,  5.600,  5.600,  5.600,  5.600,  5.600,  5.600,  5.600,  5.300,  4.700,  4.400,  4.300,  4.300
2008-02-05 12:00,  5.400,  5.300,  5.300,  5.300,  5.300,  5.300,  5.300,  5.300,  4.700,  4.400,  4.300,  4.300
2008-03-03 12:00,  5.300,  5.200,  5.200,  5.200,  5.200,  5.200,  5.200,  5.100,  4.700,  4.400,  4.300,  4.300
2008-04-08 12:00,  5.700,  5.600,  5.600,  5.600,  5.600,  5.600,  5.500,  5.200,  4.700,  4.500,  4.500,  4.400
2008-05-05 12:00, 11.000, 10.800,  8.800,  7.800,  6.600,  5.900,  5.600,  5.200,  4.900,  4.700,  4.600,  4.500
2008-06-02 12:00, 17.200, 15.500, 10.900, 10.100,  8.100,  6.800,  5.600,  5.100,  4.900,  4.700,  4.600,  4.500
2008-07-07 12:00, 19.800, 18.700, 14.400, 10.000,  8.500,  7.000,  5.700,  5.200,  4.900,  4.700,  4.600,  4.500
2008-08-04 12:00, 22.200, 21.900, 13.600, 10.600,  9.000,  6.600,  5.700,  5.200,  4.900,  4.700,  4.500,  4.500
2008-09-01 12:00, 20.200, 20.200, 17.100, 11.300,  9.200,  7.000,  5.900,  5.200,  4.900,  4.700,  4.600,  4.600
2008-10-06 12:00, 12.800, 12.800, 12.800, 12.700, 12.600,  8.000,  6.200,  5.200,  4.900,  4.700,  4.600,  4.600
2008-11-03 12:00, 11.300, 11.300, 11.300, 11.300, 11.300,  8.300,  6.300,  5.300,  5.000,  4.700,  4.600,  4.600
2008-12-01 12:00,  7.200,  7.100,  7.000,  6.800,  6.700,  6.100,  5.700,  5.300,  4.900,  4.700,  4.700,  4.700
2009-01-12 12:00,  5.300,  5.300,  5.300,  5.300,  5.300,  5.300,  5.300,  5.300,  5.100,  4.900,  4.800,  4.700
2009-02-02 12:00,  5.000,  4.800,  4.800,  4.800,  4.800,  4.900,  4.900,  4.900,  4.900,  4.800,  4.800,  4.700
2009-03-02 12:00,  4.900,  4.800,  4.700,  4.700,  4.700,  4.600,  4.600,  4.600,  4.600,  4.600,  4.500,  4.500
2009-04-06 12:00,  8.600,  5.400,  5.000,  4.900,  4.900,  4.800,  4.800,  4.700,  4.600,  4.600,  4.500,  4.500
2009-05-04 12:00, 10.700, 10.500,  7.500,  6.100,  5.400,  5.100,  4.800,  4.700,  4.600,  4.600,  4.500,  4.500
2009-06-08 12:00, 16.600, 16.100, 14.900, 10.200,  6.800,  5.700,  4.900,  4.700,  4.600,  4.600,  4.500,  4.500
2009-07-06 12:00, 20.800, 17.600, 13.900,  9.800,  7.200,  5.600,  4.900,  4.700,  4.600,  4.600,  4.500,  4.500
2009-08-03 12:00, 20.500, 20.400, 18.400, 12.600,  9.600,  6.000,  4.900,  4.700,  4.600,  4.600,  4.600,  4.600
2009-09-07 12:00, 18.800, 18.700, 18.000, 13.700,  8.400,  5.800,  5.000,  4.700,  4.600,  4.600,  4.600,  4.600
2009-10-05 12:00, 17.700, 17.700, 17.700, 13.800,  8.700,  6.000,  5.000,  4.700,  4.600,  4.600,  4.600,  4.600
2009-11-02 12:00, 12.200, 12.200, 12.200, 12.200, 11.700,  6.800,  5.000,  4.700,  4.600,  4.600,  4.600,  4.600
2009-11-30 12:00,  9.500,  9.500,  9.500,  9.500,  9.500,  8.000,  5.400,  4.800,  4.600,  4.600,  4.600,  4.600
2010-01-11 12:00,  5.100,  5.100,  5.100,  5.200,  5.100,  5.200,  5.200,  4.800,  4.700,  4.600,  4.600,  4.600
2010-02-01 12:00,  4.800,  4.500,  4.500,  4.600,  4.600,  4.600,  4.600,  4.600,  4.600,  4.600,  4.600,  4.600
2010-03-01 12:00,  4.500,  4.400,  4.400,  4.400,  4.400,  4.400,  4.500,  4.400,  4.500,  4.600,  4.300,  4.300
2010-04-06 12:00,  5.100,  5.000,  5.000,  5.000,  4.900,  4.900,  4.800,  4.300,  4.200,  4.200,  4.200,  4.200
2010-05-03 12:00, 10.600, 10.600,  7.000,  5.700,  5.100,  4.800,  4.600,  4.300,  4.300,  4.200,  4.200,  4.200
2010-06-07 12:00, 17.000, 11.900,  9.600,  7.700,  6.400,  5.000,  4.600,  4.300,  4.300,  4.200,  4.200,  4.200
2010-07-05 12:00, 22.800, 14.200, 11.700, 10.400,  9.400,  7.000,  5.000,  4.400,  4.300,  4.200,  4.200,  4.200
2010-08-02 12:00, 20.600, 20.500, 11.100,  9.400,  8.300,  6.300,  4.900,  4.400,  4.300,  4.300,  4.200,  4.300
2010-09-06 12:00, 16.800, 16.700, 15.200, 13.800, 11.600,  7.800,  5.300,  4.400,  4.300,  4.300,  4.300,  4.300
2010-10-04 12:00, 15.200, 15.200, 14.800, 13.700, 11.300,  7.300,  5.400,  4.400,  4.300,  4.300,  4.300,  4.300
2010-11-08 12:00, 10.600, 10.600, 10.600, 10.600,  9.200,  6.600,  5.200,  4.400,  4.300,  4.300,  4.300,  4.300
2010-12-06 12:00,  7.200,  7.200,  7.200,  7.200,  7.200,  7.100,  5.800,  4.600,  4.300,  4.300,  4.300,  4.300
2011-01-11 12:00,  5.100,  5.100,  5.100,  5.100,  5.100,  5.100,  4.900,  4.500,  4.400,  4.300,  4.300,  4.300
2011-02-07 12:00,  4.800,  4.600,  4.600,  4.600,  4.600,  4.600,  4.500,  4.400,  4.400,  4.300,  4.300,  4.300
2011-03-07 12:00,  4.400,  4.400,  4.400,  4.400,  4.400,  4.400,  4.400,  4.400,  4.400,  4.400,  4.300,  4.300
2011-04-05 12:00,  8.700,  7.900,  6.700,  5.000,  4.800,  4.700,  4.600,  4.400,  4.400,  4.300,  4.300,  4.300
2011-05-02 12:00, 14.000, 13.800,  9.800,  7.300,  6.000,  5.000,  4.700,  4.400,  4.400,  4.400,  4.400,  4.300
2011-06-06 12:00, 17.900, 16.800, 15.300,  8.700,  6.600,  5.100,  4.600,  4.500,  4.400,  4.300,  4.300,  4.300
2011-07-04 12:00, 19.400, 19.000, 15.800, 11.200,  7.400,  5.000,  4.600,  4.500,  4.400,  4.400,  4.400,  4.400
2011-08-01 12:00, 18.600, 18.600, 16.300, 11.300,  7.100,  5.300,  4.700,  4.500,  4.400,  4.400,  4.400,  4.400
2011-09-05 12:00, 20.500, 20.500, 17.200, 12.900,  9.700,  5.900,  4.700,  4.500,  4.400,  4.400,  4.400,  4.400
2011-10-11 12:00, 16.000, 16.000, 16.000, 15.400, 11.600,  6.000,  4.700,  4.500,  4.400,  4.400,  4.400,  4.400
2011-11-07 12:00, 12.000, 11.900, 11.900, 11.900, 11.900,  9.400,  5.000,  4.500,  4.500,  4.400,  4.400,  4.400
2011-12-12 12:00,  8.000,  7.900,  7.900,  7.900,  7.800,  7.000,  5.100,  4.500,  4.500,  4.400,  4.400,  4.400
2012-01-09 12:00,  5.700,  5.700,  5.700,  5.600,  5.400,  5.300,  5.300,  4.900,  4.800,  4.600,  4.400,  4.400
2012-02-21 12:00,  4.200,  4.200,  4.200,  4.200,  4.200,  4.200,  4.200,  4.200,  4.100,  4.200,  4.100,  4.200
