t (1st col)	eps_abs [m-1] (2nd col)	z [m] (3rd row)
2		
-1	0	-20
25589	0.116	0.116
25645	0.092	0.092
25680	0.509	0.509
25701	0.445	0.445
25736	0.195	0.195
25757	0.310	0.310
25792	0.317	0.317
25848	0.198	0.198
25876	0.164	0.164
25904	0.121	0.121
25939	0.162	0.162
25967	0.174	0.174
25995	0.136	0.136
26023	0.124	0.124
26079	0.356	0.356
26107	0.356	0.356
26135	0.475	0.475
26163	0.310	0.310
26185	0.264	0.264
26228	0.210	0.210
26248	0.137	0.137
26277	0.124	0.124
26310	0.121	0.121
26338	0.111	0.111
26366	0.098	0.098
26395	0.385	0.385
26422	0.407	0.407
26471	0.158	0.158
26498	0.238	0.238
26554	0.339	0.339
26610	0.158	0.158
26638	0.158	0.158
26674	0.106	0.106
26702	0.089	0.089
26730	0.103	0.103
26758	0.185	0.185
26793	0.648	0.648
26821	0.188	0.188
26849	0.230	0.230
26877	0.178	0.178
26911	0.230	0.230
26961	0.223	0.223
26975	0.150	0.150
27003	0.158	0.158
27038	0.153	0.153
27073	0.124	0.124
27094	0.126	0.126
27122	0.198	0.198
27157	0.396	0.396
27185	0.396	0.396
27250	0.317	0.317
27276	0.356	0.356
27325	0.178	0.178
27339	0.148	0.148
27367	0.178	0.178
27409	0.132	0.132
27430	0.096	0.096
27458	0.104	0.104
27486	0.132	0.132
27521	0.226	0.226
27549	0.140	0.140
27577	0.445	0.445
27612	0.250	0.250
27647	0.264	0.264
27674	0.250	0.250
27703	0.210	0.210
27739	0.176	0.176
27773	0.124	0.124
27794	0.127	0.127
27822	0.127	0.127
27864	0.259	0.259
27885	0.297	0.297
27912	0.242	0.242
27976	0.445	0.445
28011	0.324	0.324
28039	0.274	0.274
28075	0.178	0.178
28095	0.180	0.180
28137	0.136	0.136
28165	0.112	0.112
28192	0.106	0.106
28249	0.317	0.317
28312	0.324	0.324
28340	0.193	0.193
28376	0.324	0.324
28403	0.246	0.246
28460	0.137	0.137
28501	0.137	0.137
28522	0.136	0.136
28557	0.116	0.116
28585	0.174	0.174
28620	0.317	0.317
28641	0.713	0.713
28676	0.303	0.303
28704	0.285	0.285
28739	0.375	0.375
28774	0.183	0.183
28802	0.143	0.143
28829	0.119	0.119
28865	0.136	0.136
28892	0.150	0.150
28921	0.126	0.126
28956	0.147	0.147
28977	0.193	0.193
29012	0.207	0.207
29040	0.317	0.317
29075	0.230	0.230
29103	0.269	0.269
29138	0.230	0.230
29166	0.148	0.148
29194	0.210	0.210
29229	0.168	0.168
29264	0.160	0.160
29292	0.116	0.116
29313	0.138	0.138
29356	0.509	0.509
29376	0.375	0.375
29405	0.385	0.385
29439	0.230	0.230
29474	0.226	0.226
29509	0.174	0.174
29530	0.188	0.188
29558	0.138	0.138
29608	0.096	0.096
29621	0.106	0.106
29650	0.104	0.104
29677	0.106	0.106
29713	0.285	0.285
29747	0.230	0.230
29775	0.193	0.193
29803	0.254	0.254
29839	0.254	0.254
29867	0.356	0.356
29894	0.193	0.193
29922	0.143	0.143
29958	0.110	0.110
29985	0.130	0.130
30013	0.118	0.118
30048	0.124	0.124
30083	0.891	0.891
30104	0.190	0.190
30139	0.226	0.226
30167	0.594	0.594
30196	0.242	0.242
30230	0.172	0.172
30258	0.174	0.174
30286	0.143	0.143
30335	0.140	0.140
30356	0.107	0.107
30384	0.099	0.099
30412	0.137	0.137
30440	0.475	0.475
30468	0.950	0.950
30503	0.407	0.407
30531	0.356	0.356
30559	0.407	0.407
30594	0.317	0.317
30622	0.158	0.158
30650	0.158	0.158
30692	0.219	0.219
30720	0.143	0.143
30742	0.158	0.158
30783	0.375	0.375
30803	0.475	0.475
30838	0.114	0.114
30866	0.356	0.356
30894	0.297	0.297
30930	0.210	0.210
30958	0.178	0.178
30992	0.158	0.158
31020	0.204	0.204
31056	0.130	0.130
31091	0.143	0.143
31112	0.204	0.204
31140	0.475	0.475
31175	0.792	0.792
31203	0.132	0.132
31231	0.475	0.475
31260	0.230	0.230
31294	0.279	0.279
31322	0.331	0.331
31357	0.158	0.158
31385	0.136	0.136
31420	0.124	0.124
31448	0.095	0.095
31476	0.285	0.285
31504	0.285	0.285
31539	0.509	0.509
31574	0.168	0.168
31595	0.219	0.219
31630	0.375	0.375
31658	0.356	0.356
31686	0.297	0.297
31721	0.155	0.155
31749	0.098	0.098
31784	0.110	0.110
31812	0.119	0.119
31840	0.119	0.119
31875	0.285	0.285
31903	0.509	0.509
31931	0.136	0.136
31959	0.210	0.210
31994	0.509	0.509
32022	0.291	0.291
32059	0.204	0.204
32149	0.178	0.178
32176	0.219	0.219
32211	0.230	0.230
32239	0.168	0.168
32267	0.475	0.475
32295	0.317	0.317
32330	0.204	0.204
32358	0.509	0.509
32387	0.254	0.254
32421	0.174	0.174
32449	0.130	0.130
32478	0.204	0.204
32519	0.143	0.143
32547	0.110	0.110
32575	0.114	0.114
32611	0.226	0.226
32631	0.713	0.713
32659	0.127	0.127
32694	0.238	0.238
32723	0.432	0.432
32758	0.178	0.178
32785	0.238	0.238
32813	0.204	0.204
32848	0.136	0.136
32884	0.174	0.174
32911	0.124	0.124
32939	0.130	0.130
32967	0.238	0.238
32997	0.570	0.570
33030	0.130	0.130
33058	0.259	0.259
33093	0.356	0.356
33122	0.356	0.356
33157	0.178	0.178
33184	0.150	0.150
33212	0.158	0.158
33253	0.098	0.098
33267	0.238	0.238
33275	0.158	0.158
33289	0.136	0.136
33303	0.158	0.158
33318	0.143	0.143
33331	0.130	0.130
33345	0.285	0.285
33366	0.475	0.475
33380	0.419	0.419
33394	0.204	0.204
33408	0.143	0.143
33422	0.285	0.285
33436	0.356	0.356
33450	0.356	0.356
33464	0.375	0.375
33485	0.238	0.238
33499	0.238	0.238
33520	0.297	0.297
33548	0.130	0.130
33562	0.204	0.204
33576	0.158	0.158
33590	0.089	0.089
33611	0.143	0.143
33626	0.119	0.119
33639	0.110	0.110
33667	0.089	0.089
33681	0.086	0.086
33702	0.136	0.136
33716	0.570	0.570
33730	0.620	0.620
33744	0.570	0.570
33765	0.140	0.140
33779	0.143	0.143
33793	0.190	0.190
33807	0.219	0.219
33821	0.285	0.285
33835	0.375	0.375
33849	0.317	0.317
33862	0.238	0.238
33884	0.138	0.138
33898	0.136	0.136
33912	0.356	0.356
33927	0.143	0.143
33940	0.143	0.143
33954	0.136	0.136
33975	0.114	0.114
33989	0.124	0.124
34003	0.098	0.098
34017	0.079	0.079
34031	0.110	0.110
34045	0.475	0.475
34066	0.178	0.178
34080	0.274	0.274
34093	0.285	0.285
34108	0.475	0.475
34122	0.158	0.158
34136	0.119	0.119
34150	0.204	0.204
34164	0.259	0.259
34185	0.365	0.365
34199	0.570	0.570
34213	0.356	0.356
34227	0.356	0.356
34248	0.238	0.238
34262	0.204	0.204
34276	0.178	0.178
34290	0.158	0.158
34304	0.143	0.143
34318	0.143	0.143
34340	0.143	0.143
34355	0.238	0.238
34367	0.119	0.119
34381	0.090	0.090
34395	0.143	0.143
34409	0.089	0.089
34429	0.238	0.238
34444	0.178	0.178
34458	0.331	0.331
34472	0.356	0.356
34486	0.158	0.158
34500	0.475	0.475
34520	0.216	0.216
34535	0.331	0.331
34549	0.365	0.365
34563	0.356	0.356
34577	0.297	0.297
34592	0.570	0.570
34612	0.204	0.204
34626	0.204	0.204
34641	0.178	0.178
34654	0.150	0.150
34668	0.176	0.176
34682	0.114	0.114
34712	0.110	0.110
34724	0.119	0.119
34738	0.130	0.130
34753	0.164	0.164
34766	0.119	0.119
34780	0.168	0.168
34794	0.475	0.475
34808	0.238	0.238
34822	0.356	0.356
34836	0.570	0.570
34857	0.297	0.297
34871	0.475	0.475
34885	0.285	0.285
34899	0.713	0.713
34913	0.713	0.713
34927	0.419	0.419
34948	0.419	0.419
34962	0.317	0.317
34976	0.317	0.317
34990	0.259	0.259
35004	0.150	0.150
35018	0.230	0.230
35032	0.136	0.136
35046	0.130	0.130
35074	0.143	0.143
35088	0.150	0.150
35102	0.130	0.130
35116	0.114	0.114
35130	0.120	0.120
35144	0.121	0.121
35158	0.168	0.168
35172	0.285	0.285
35186	0.570	0.570
35200	0.356	0.356
35222	0.432	0.432
35234	0.475	0.475
35249	0.407	0.407
35277	0.475	0.475
35305	0.620	0.620
35348	0.230	0.230
35361	0.185	0.185
35375	0.324	0.324
35389	0.226	0.226
35403	0.168	0.168
35417	0.119	0.119
35438	0.130	0.130
35452	0.125	0.125
35467	0.143	0.143
35480	0.155	0.155
35494	0.158	0.158
35508	0.204	0.204
35522	0.445	0.445
35537	0.356	0.356
35551	0.365	0.365
35564	0.375	0.375
35585	0.475	0.475
35599	0.419	0.419
35613	0.838	0.838
35627	0.713	0.713
35648	0.570	0.570
35662	0.679	0.679
35683	0.274	0.274
35697	0.223	0.223
35711	0.238	0.238
35725	0.242	0.242
35739	0.178	0.178
35753	0.147	0.147
35767	0.143	0.143
35781	0.122	0.122
35802	0.104	0.104
35816	0.098	0.098
35830	0.092	0.092
35844	0.153	0.153
35858	0.134	0.134
35872	0.838	0.838
35893	0.279	0.279
35907	0.291	0.291
35921	0.365	0.365
35949	0.178	0.178
35963	0.324	0.324
35977	0.475	0.475
36012	0.460	0.460
36026	0.396	0.396
36040	0.475	0.475
36054	0.331	0.331
36075	0.259	0.259
36089	0.317	0.317
36103	0.250	0.250
36117	0.219	0.219
36131	0.274	0.274
36145	0.195	0.195
36167	0.226	0.226
36180	0.172	0.172
36194	0.158	0.158
36208	0.158	0.158
36222	0.114	0.114
36236	0.136	0.136
36256	0.158	0.158
36271	0.285	0.285
36284	0.285	0.285
36300	0.269	0.269
36312	0.162	0.162
36327	0.250	0.250
36340	0.291	0.291
36355	0.317	0.317
36375	0.297	0.297
36390	0.285	0.285
36410	0.317	0.317
36426	0.432	0.432
36438	0.303	0.303
36452	0.339	0.339
36466	0.234	0.234
36481	0.150	0.150
36494	0.130	0.130
36536	0.097	0.097
36558	0.119	0.119
36571	0.130	0.130
36586	0.124	0.124
36600	0.122	0.122
36614	0.110	0.110
36628	0.238	0.238
36648	0.339	0.339
36662	0.234	0.234
36683	0.102	0.102
36697	0.188	0.188
36711	0.365	0.365
36725	0.356	0.356
36739	0.594	0.594
36774	0.291	0.291
36802	0.193	0.193
36831	0.178	0.178
36865	0.131	0.131
36900	0.114	0.114
36921	0.106	0.106
36942	0.121	0.121
36956	0.132	0.132
36970	0.168	0.168
36984	0.285	0.285
36998	0.250	0.250
37012	0.259	0.259
37027	0.269	0.269
37047	0.339	0.339
37061	0.792	0.792
37075	0.528	0.528
37089	0.407	0.407
37103	0.407	0.407
37117	0.432	0.432
37138	0.475	0.475
37153	0.219	0.219
37167	0.168	0.168
37180	0.259	0.259
37201	0.264	0.264
37215	0.185	0.185
37229	0.164	0.164
37265	0.168	0.168
37285	0.133	0.133
37299	0.143	0.143
37320	0.102	0.102
37334	0.109	0.109
37348	0.136	0.136
37363	0.168	0.168
37377	0.356	0.356
37390	0.570	0.570
37404	0.432	0.432
37418	0.207	0.207
37439	0.407	0.407
37453	0.570	0.570
37475	0.356	0.356
37488	0.317	0.317
37509	0.274	0.274
37523	0.210	0.210
37537	0.185	0.185
37551	0.198	0.198
37566	0.172	0.172
37579	0.180	0.180
37594	0.168	0.168
37628	0.158	0.158
37642	0.130	0.130
37656	0.136	0.136
37670	0.144	0.144
37684	0.188	0.188
37698	0.190	0.190
37712	0.176	0.176
37747	0.230	0.230
37775	0.339	0.339
37803	0.509	0.509
37838	0.285	0.285
37866	0.445	0.445
37901	0.219	0.219
37929	0.172	0.172
37959	0.143	0.143
37992	0.123	0.123
38021	0.110	0.110
38048	0.110	0.110
38084	0.143	0.143
38111	0.432	0.432
38139	0.356	0.356
38174	0.648	0.648
38202	0.528	0.528
38230	0.317	0.317
38265	0.269	0.269
38293	0.216	0.216
38321	0.226	0.226
38363	0.183	0.183
38384	0.143	0.143
38412	0.110	0.110
38447	0.176	0.176
38475	0.339	0.339
38510	0.339	0.339
38538	0.792	0.792
38566	0.407	0.407
38601	0.310	0.310
38629	0.213	0.213
38657	0.168	0.168
38685	0.190	0.190
38727	0.204	0.204
38748	0.130	0.130
38776	0.100	0.100
38812	0.219	0.219
38839	0.407	0.407
38874	0.407	0.407
38902	0.679	0.679
38930	0.375	0.375
38965	0.407	0.407
38993	0.238	0.238
39028	0.219	0.219
39056	0.150	0.150
