t	z_ga	ga1
2
-1	0	-152
38372	0.131034	0.131034
38373	0.132293	0.132293
38374	0.133576	0.133576
38375	0.134884	0.134884
38376	0.136218	0.136218
38377	0.137578	0.137578
38378	0.138966	0.138966
38379	0.140382	0.140382
38380	0.141828	0.141828
38381	0.143303	0.143303
38382	0.144809	0.144809
38383	0.146348	0.146348
38384	0.147919	0.147919
38385	0.149525	0.149525
38386	0.151166	0.151166
38387	0.152843	0.152843
38388	0.154558	0.154558
38389	0.156312	0.156312
38390	0.158106	0.158106
38391	0.159942	0.159942
38392	0.161821	0.161821
38393	0.163744	0.163744
38394	0.165714	0.165714
38395	0.167732	0.167732
38396	0.169800	0.169800
38397	0.171919	0.171919
38398	0.174092	0.174092
38399	0.176320	0.176320
38400	0.178606	0.178606
38401	0.180952	0.180952
38402	0.182888	0.182888
38403	0.184865	0.184865
38404	0.186885	0.186885
38405	0.188950	0.188950
38406	0.191061	0.191061
38407	0.193220	0.193220
38408	0.195429	0.195429
38409	0.197688	0.197688
38410	0.200000	0.200000
38411	0.202367	0.202367
38412	0.204790	0.204790
38413	0.207273	0.207273
38414	0.209816	0.209816
38415	0.212422	0.212422
38416	0.215094	0.215094
38417	0.217834	0.217834
38418	0.220645	0.220645
38419	0.223529	0.223529
38420	0.226490	0.226490
38421	0.229530	0.229530
38422	0.232653	0.232653
38423	0.235862	0.235862
38424	0.239161	0.239161
38425	0.242553	0.242553
38426	0.246043	0.246043
38427	0.249635	0.249635
38428	0.253333	0.253333
38429	0.257143	0.257143
38430	0.261069	0.261069
38431	0.265116	0.265116
38432	0.269291	0.269291
38433	0.273600	0.273600
38434	0.278049	0.278049
38435	0.282645	0.282645
38436	0.287395	0.287395
38437	0.292308	0.292308
38438	0.297391	0.297391
38439	0.302655	0.302655
38440	0.308108	0.308108
38441	0.313761	0.313761
38442	0.319626	0.319626
38443	0.325714	0.325714
38444	0.332039	0.332039
38445	0.338614	0.338614
38446	0.345455	0.345455
38447	0.352577	0.352577
38448	0.360000	0.360000
38449	0.367742	0.367742
38450	0.375824	0.375824
38451	0.384270	0.384270
38452	0.393103	0.393103
38453	0.402353	0.402353
38454	0.412048	0.412048
38455	0.422222	0.422222
38456	0.423792	0.423792
38457	0.425373	0.425373
38458	0.426966	0.426966
38459	0.428571	0.428571
38460	0.430189	0.430189
38461	0.431818	0.431818
38462	0.433460	0.433460
38463	0.435115	0.435115
38464	0.436782	0.436782
38465	0.438462	0.438462
38466	0.440154	0.440154
38467	0.441860	0.441860
38468	0.443580	0.443580
38469	0.445313	0.445313
38470	0.447059	0.447059
38471	0.448819	0.448819
38472	0.450593	0.450593
38473	0.452381	0.452381
38474	0.454183	0.454183
38475	0.456000	0.456000
38476	0.457831	0.457831
38477	0.459677	0.459677
38478	0.461538	0.461538
38479	0.463415	0.463415
38480	0.465306	0.465306
38481	0.467213	0.467213
38482	0.469136	0.469136
38483	0.471074	0.471074
38484	0.473029	0.473029
38485	0.475000	0.475000
38486	0.468455	0.468455
38487	0.462089	0.462089
38488	0.455893	0.455893
38489	0.449861	0.449861
38490	0.443986	0.443986
38491	0.438263	0.438263
38492	0.432686	0.432686
38493	0.427249	0.427249
38494	0.421946	0.421946
38495	0.416774	0.416774
38496	0.411727	0.411727
38497	0.406801	0.406801
38498	0.401991	0.401991
38499	0.397294	0.397294
38500	0.392705	0.392705
38501	0.388221	0.388221
38502	0.383838	0.383838
38503	0.379553	0.379553
38504	0.375363	0.375363
38505	0.371264	0.371264
38506	0.367254	0.367254
38507	0.363330	0.363330
38508	0.359488	0.359488
38509	0.355727	0.355727
38510	0.352044	0.352044
38511	0.348436	0.348436
38512	0.344901	0.344901
38513	0.341438	0.341438
38514	0.338043	0.338043
38515	0.334715	0.334715
38516	0.331452	0.331452
38517	0.328252	0.328252
38518	0.325113	0.325113
38519	0.322034	0.322034
38520	0.325559	0.325559
38521	0.329163	0.329163
38522	0.332847	0.332847
38523	0.336614	0.336614
38524	0.340468	0.340468
38525	0.344411	0.344411
38526	0.348446	0.348446
38527	0.352577	0.352577
38528	0.356808	0.356808
38529	0.361140	0.361140
38530	0.365580	0.365580
38531	0.370130	0.370130
38532	0.374795	0.374795
38533	0.379578	0.379578
38534	0.384486	0.384486
38535	0.389522	0.389522
38536	0.394691	0.394691
38537	0.400000	0.400000
38538	0.405453	0.405453
38539	0.411058	0.411058
38540	0.416819	0.416819
38541	0.422744	0.422744
38542	0.428840	0.428840
38543	0.435115	0.435115
38544	0.441575	0.441575
38545	0.448231	0.448231
38546	0.455090	0.455090
38547	0.462162	0.462162
38548	0.469458	0.469458
38549	0.476987	0.476987
38550	0.484763	0.484763
38551	0.492795	0.492795
38552	0.501099	0.501099
38553	0.509687	0.509687
38554	0.518575	0.518575
38555	0.527778	0.527778
38556	0.515005	0.515005
38557	0.502836	0.502836
38558	0.491228	0.491228
38559	0.480144	0.480144
38560	0.469550	0.469550
38561	0.459413	0.459413
38562	0.449704	0.449704
38563	0.440397	0.440397
38564	0.431468	0.431468
38565	0.422893	0.422893
38566	0.414653	0.414653
38567	0.406728	0.406728
38568	0.399100	0.399100
38569	0.391753	0.391753
38570	0.384671	0.384671
38571	0.377841	0.377841
38572	0.371249	0.371249
38573	0.364883	0.364883
38574	0.358732	0.358732
38575	0.352785	0.352785
38576	0.347032	0.347032
38577	0.341463	0.341463
38578	0.336071	0.336071
38579	0.330846	0.330846
38580	0.325781	0.325781
38581	0.320869	0.320869
38582	0.316102	0.316102
38583	0.311475	0.311475
38584	0.312614	0.312614
38585	0.313761	0.313761
38586	0.314917	0.314917
38587	0.316081	0.316081
38588	0.317254	0.317254
38589	0.318436	0.318436
38590	0.319626	0.319626
38591	0.320826	0.320826
38592	0.322034	0.322034
38593	0.323251	0.323251
38594	0.324478	0.324478
38595	0.325714	0.325714
38596	0.326960	0.326960
38597	0.328215	0.328215
38598	0.329480	0.329480
38599	0.330754	0.330754
38600	0.332039	0.332039
38601	0.333333	0.333333
38602	0.334638	0.334638
38603	0.335953	0.335953
38604	0.337278	0.337278
38605	0.338614	0.338614
38606	0.339960	0.339960
38607	0.341317	0.341317
38608	0.342685	0.342685
38609	0.344064	0.344064
38610	0.345455	0.345455
38611	0.343252	0.343252
38612	0.341077	0.341077
38613	0.338930	0.338930
38614	0.336809	0.336809
38615	0.334715	0.334715
38616	0.332647	0.332647
38617	0.330604	0.330604
38618	0.328586	0.328586
38619	0.326593	0.326593
38620	0.324623	0.324623
38621	0.322677	0.322677
38622	0.320755	0.320755
38623	0.318855	0.318855
38624	0.316977	0.316977
38625	0.315122	0.315122
38626	0.313288	0.313288
38627	0.311475	0.311475
38628	0.309684	0.309684
38629	0.307912	0.307912
38630	0.306161	0.306161
38631	0.304430	0.304430
38632	0.302718	0.302718
38633	0.301025	0.301025
38634	0.299351	0.299351
38635	0.297696	0.297696
38636	0.296059	0.296059
38637	0.294439	0.294439
38638	0.292838	0.292838
38639	0.291253	0.291253
38640	0.289686	0.289686
38641	0.288136	0.288136
38642	0.286602	0.286602
38643	0.285084	0.285084
38644	0.283582	0.283582
38645	0.279599	0.279599
38646	0.275726	0.275726
38647	0.271958	0.271958
38648	0.268293	0.268293
38649	0.264725	0.264725
38650	0.261250	0.261250
38651	0.257866	0.257866
38652	0.254568	0.254568
38653	0.251353	0.251353
38654	0.248219	0.248219
38655	0.245161	0.245161
38656	0.242178	0.242178
38657	0.239267	0.239267
38658	0.236425	0.236425
38659	0.233650	0.233650
38660	0.230939	0.230939
38661	0.228291	0.228291
38662	0.225702	0.225702
38663	0.223171	0.223171
38664	0.220697	0.220697
38665	0.218277	0.218277
38666	0.215909	0.215909
38667	0.216758	0.216758
38668	0.217615	0.217615
38669	0.218477	0.218477
38670	0.219347	0.219347
38671	0.220224	0.220224
38672	0.221108	0.221108
38673	0.221998	0.221998
38674	0.222896	0.222896
38675	0.223802	0.223802
38676	0.224715	0.224715
38677	0.225635	0.225635
38678	0.226562	0.226562
38679	0.227498	0.227498
38680	0.228441	0.228441
38681	0.229392	0.229392
38682	0.230351	0.230351
38683	0.231318	0.231318
38684	0.232293	0.232293
38685	0.233277	0.233277
38686	0.234269	0.234269
38687	0.235269	0.235269
38688	0.236278	0.236278
38689	0.237295	0.237295
38690	0.238322	0.238322
38691	0.239357	0.239357
38692	0.240401	0.240401
38693	0.241455	0.241455
38694	0.242518	0.242518
38695	0.243590	0.243590
38696	0.241586	0.241586
38697	0.239614	0.239614
38698	0.237675	0.237675
38699	0.235766	0.235766
38700	0.233888	0.233888
38701	0.232040	0.232040
38702	0.230221	0.230221
38703	0.228430	0.228430
38704	0.226667	0.226667
38705	0.224930	0.224930
38706	0.223220	0.223220
38707	0.221536	0.221536
38708	0.219877	0.219877
38709	0.218243	0.218243
38710	0.216633	0.216633
38711	0.215047	0.215047
38712	0.213483	0.213483
38713	0.211942	0.211942
38714	0.210423	0.210423
38715	0.208926	0.208926
38716	0.207450	0.207450
38717	0.205995	0.205995
38718	0.204560	0.204560
38719	0.203145	0.203145
38720	0.201749	0.201749
38721	0.200372	0.200372
38722	0.199014	0.199014
38723	0.197674	0.197674
38724	0.196353	0.196353
38725	0.195048	0.195048
38726	0.193761	0.193761
38727	0.192491	0.192491
38728	0.191237	0.191237
38729	0.190000	0.190000
38730	0.189779	0.189779
38731	0.189559	0.189559
38732	0.189340	0.189340
38733	0.189120	0.189120
38734	0.188902	0.188902
38735	0.188684	0.188684
38736	0.188466	0.188466
38737	0.188249	0.188249
38738	0.188032	0.188032
38739	0.187816	0.187816
38740	0.187600	0.187600
38741	0.187385	0.187385
38742	0.187171	0.187171
38743	0.186957	0.186957
38744	0.186743	0.186743
38745	0.186530	0.186530
38746	0.186317	0.186317
38747	0.186105	0.186105
38748	0.185893	0.185893
38749	0.185682	0.185682
38750	0.185471	0.185471
38751	0.185261	0.185261
38752	0.185051	0.185051
38753	0.184842	0.184842
38754	0.184633	0.184633
38755	0.184424	0.184424
38756	0.184216	0.184216
38757	0.184009	0.184009
38758	0.183802	0.183802
38759	0.183596	0.183596
38760	0.183389	0.183389
38761	0.183184	0.183184
38762	0.182979	0.182979
38763	0.182774	0.182774
38764	0.182570	0.182570
38765	0.182366	0.182366
38766	0.182163	0.182163
38767	0.181960	0.181960
38768	0.181758	0.181758
38769	0.181556	0.181556
38770	0.181354	0.181354
38771	0.181153	0.181153
38772	0.180952	0.180952
38773	0.183044	0.183044
38774	0.185185	0.185185
38775	0.187377	0.187377
38776	0.189621	0.189621
38777	0.191919	0.191919
38778	0.194274	0.194274
38779	0.196687	0.196687
38780	0.199161	0.199161
38781	0.201699	0.201699
38782	0.204301	0.204301
38783	0.206972	0.206972
38784	0.209713	0.209713
38785	0.212528	0.212528
38786	0.215420	0.215420
38787	0.218391	0.218391
38788	0.221445	0.221445
38789	0.224586	0.224586
38790	0.227818	0.227818
38791	0.231144	0.231144
38792	0.234568	0.234568
38793	0.237500	0.237500
38794	0.240506	0.240506
38795	0.243590	0.243590
38796	0.246753	0.246753
38797	0.250000	0.250000
38798	0.253333	0.253333
38799	0.256757	0.256757
38800	0.260274	0.260274
38801	0.263889	0.263889
38802	0.267606	0.267606
38803	0.271429	0.271429
38804	0.275362	0.275362
38805	0.279412	0.279412
38806	0.283582	0.283582
38807	0.287879	0.287879
38808	0.292308	0.292308
38809	0.296875	0.296875
38810	0.301587	0.301587
38811	0.306452	0.306452
38812	0.311475	0.311475
38813	0.316667	0.316667
38814	0.322034	0.322034
38815	0.327586	0.327586
38816	0.333333	0.333333
38817	0.339286	0.339286
38818	0.345455	0.345455
38819	0.351852	0.351852
38820	0.358491	0.358491
38821	0.365385	0.365385
38822	0.368625	0.368625
38823	0.371924	0.371924
38824	0.375282	0.375282
38825	0.378702	0.378702
38826	0.382184	0.382184
38827	0.385731	0.385731
38828	0.389344	0.389344
38829	0.393026	0.393026
38830	0.396778	0.396778
38831	0.400602	0.400602
38832	0.404501	0.404501
38833	0.408477	0.408477
38834	0.412531	0.412531
38835	0.416667	0.416667
38836	0.420886	0.420886
38837	0.425192	0.425192
38838	0.429587	0.429587
38839	0.434073	0.434073
38840	0.438654	0.438654
38841	0.443333	0.443333
38842	0.448113	0.448113
38843	0.452997	0.452997
38844	0.457989	0.457989
38845	0.463092	0.463092
38846	0.468310	0.468310
38847	0.473647	0.473647
38848	0.479107	0.479107
38849	0.484694	0.484694
38850	0.490413	0.490413
38851	0.496269	0.496269
38852	0.502266	0.502266
38853	0.508410	0.508410
38854	0.514706	0.514706
38855	0.521160	0.521160
38856	0.527778	0.527778
38857	0.519231	0.519231
38858	0.510956	0.510956
38859	0.502941	0.502941
38860	0.495174	0.495174
38861	0.487643	0.487643
38862	0.480337	0.480337
38863	0.473247	0.473247
38864	0.466364	0.466364
38865	0.459677	0.459677
38866	0.453180	0.453180
38867	0.446864	0.446864
38868	0.440722	0.440722
38869	0.434746	0.434746
38870	0.428930	0.428930
38871	0.423267	0.423267
38872	0.417752	0.417752
38873	0.412379	0.412379
38874	0.407143	0.407143
38875	0.402038	0.402038
38876	0.397059	0.397059
38877	0.392202	0.392202
38878	0.387462	0.387462
38879	0.382836	0.382836
38880	0.378319	0.378319
38881	0.373907	0.373907
38882	0.369597	0.369597
38883	0.365385	0.365385
38884	0.368809	0.368809
38885	0.372297	0.372297
38886	0.375853	0.375853
38887	0.379477	0.379477
38888	0.383171	0.383171
38889	0.386938	0.386938
38890	0.390780	0.390780
38891	0.394699	0.394699
38892	0.398698	0.398698
38893	0.402778	0.402778
38894	0.406942	0.406942
38895	0.411194	0.411194
38896	0.415535	0.415535
38897	0.419970	0.419970
38898	0.424499	0.424499
38899	0.429128	0.429128
38900	0.433858	0.433858
38901	0.438694	0.438694
38902	0.443639	0.443639
38903	0.448697	0.448697
38904	0.453871	0.453871
38905	0.459167	0.459167
38906	0.464587	0.464587
38907	0.470137	0.470137
38908	0.475820	0.475820
38909	0.481643	0.481643
38910	0.487611	0.487611
38911	0.493728	0.493728
38912	0.500000	0.500000
38913	0.495160	0.495160
38914	0.490413	0.490413
38915	0.485756	0.485756
38916	0.481187	0.481187
38917	0.476703	0.476703
38918	0.472301	0.472301
38919	0.467980	0.467980
38920	0.463738	0.463738
38921	0.459572	0.459572
38922	0.455479	0.455479
38923	0.451460	0.451460
38924	0.447510	0.447510
38925	0.443629	0.443629
38926	0.439815	0.439815
38927	0.436066	0.436066
38928	0.432380	0.432380
38929	0.428756	0.428756
38930	0.425192	0.425192
38931	0.421687	0.421687
38932	0.418239	0.418239
38933	0.414847	0.414847
38934	0.411510	0.411510
38935	0.408226	0.408226
38936	0.404994	0.404994
38937	0.401813	0.401813
38938	0.398681	0.398681
38939	0.395598	0.395598
38940	0.392562	0.392562
38941	0.389572	0.389572
38942	0.386628	0.386628
38943	0.383728	0.383728
38944	0.380871	0.380871
38945	0.378056	0.378056
38946	0.375282	0.375282
38947	0.372549	0.372549
38948	0.371612	0.371612
38949	0.370680	0.370680
38950	0.369753	0.369753
38951	0.368830	0.368830
38952	0.367911	0.367911
38953	0.366998	0.366998
38954	0.366089	0.366089
38955	0.365184	0.365184
38956	0.364284	0.364284
38957	0.363388	0.363388
38958	0.362497	0.362497
38959	0.361610	0.361610
38960	0.360727	0.360727
38961	0.359848	0.359848
38962	0.358974	0.358974
38963	0.358104	0.358104
38964	0.357239	0.357239
38965	0.356377	0.356377
38966	0.355520	0.355520
38967	0.354667	0.354667
38968	0.353818	0.353818
38969	0.352972	0.352972
38970	0.352131	0.352131
38971	0.351294	0.351294
38972	0.350461	0.350461
38973	0.349632	0.349632
38974	0.348807	0.348807
38975	0.347985	0.347985
38976	0.347168	0.347168
38977	0.346354	0.346354
38978	0.345544	0.345544
38979	0.344738	0.344738
38980	0.343936	0.343936
38981	0.343137	0.343137
38982	0.342342	0.342342
38983	0.341551	0.341551
38984	0.340764	0.340764
38985	0.339980	0.339980
38986	0.339199	0.339199
38987	0.338422	0.338422
38988	0.337649	0.337649
38989	0.336879	0.336879
38990	0.336113	0.336113
38991	0.335350	0.335350
38992	0.334591	0.334591
38993	0.333835	0.333835
38994	0.333083	0.333083
38995	0.332334	0.332334
38996	0.331588	0.331588
38997	0.330846	0.330846
38998	0.330107	0.330107
38999	0.329371	0.329371
39000	0.328638	0.328638
39001	0.327909	0.327909
39002	0.327183	0.327183
39003	0.326460	0.326460
39004	0.325741	0.325741
39005	0.325024	0.325024
39006	0.324311	0.324311
39007	0.323601	0.323601
39008	0.322894	0.322894
39009	0.322190	0.322190
39010	0.321489	0.321489
39011	0.320791	0.320791
39012	0.320096	0.320096
39013	0.319404	0.319404
39014	0.318716	0.318716
39015	0.318030	0.318030
39016	0.317347	0.317347
39017	0.316667	0.316667
39018	0.314570	0.314570
39019	0.312500	0.312500
39020	0.310458	0.310458
39021	0.308442	0.308442
39022	0.306452	0.306452
39023	0.304487	0.304487
39024	0.302548	0.302548
39025	0.300633	0.300633
39026	0.298742	0.298742
39027	0.296875	0.296875
39028	0.295031	0.295031
39029	0.293210	0.293210
39030	0.291411	0.291411
39031	0.289634	0.289634
39032	0.287879	0.287879
39033	0.286145	0.286145
39034	0.284431	0.284431
39035	0.282738	0.282738
39036	0.281065	0.281065
39037	0.279412	0.279412
39038	0.274676	0.274676
39039	0.270098	0.270098
39040	0.265670	0.265670
39041	0.261385	0.261385
39042	0.257236	0.257236
39043	0.253217	0.253217
39044	0.249321	0.249321
39045	0.245544	0.245544
39046	0.241879	0.241879
39047	0.238322	0.238322
39048	0.234868	0.234868
39049	0.231513	0.231513
39050	0.228252	0.228252
39051	0.225082	0.225082
39052	0.221998	0.221998
39053	0.218998	0.218998
39054	0.216078	0.216078
39055	0.213235	0.213235
39056	0.210466	0.210466
39057	0.207768	0.207768
39058	0.205138	0.205138
39059	0.202574	0.202574
39060	0.200073	0.200073
39061	0.197633	0.197633
39062	0.195252	0.195252
39063	0.192927	0.192927
39064	0.190657	0.190657
39065	0.188440	0.188440
39066	0.186275	0.186275
39067	0.186667	0.186667
39068	0.187060	0.187060
39069	0.187456	0.187456
39070	0.187853	0.187853
39071	0.188252	0.188252
39072	0.188652	0.188652
39073	0.189055	0.189055
39074	0.189459	0.189459
39075	0.189864	0.189864
39076	0.190272	0.190272
39077	0.190681	0.190681
39078	0.191092	0.191092
39079	0.191505	0.191505
39080	0.191919	0.191919
39081	0.192336	0.192336
39082	0.192754	0.192754
39083	0.193174	0.193174
39084	0.193595	0.193595
39085	0.194019	0.194019
39086	0.194444	0.194444
39087	0.194872	0.194872
39088	0.195301	0.195301
39089	0.195732	0.195732
39090	0.196165	0.196165
39091	0.196600	0.196600
39092	0.197037	0.197037
39093	0.197476	0.197476
39094	0.197917	0.197917
39095	0.197095	0.197095
39096	0.196281	0.196281
39097	0.195473	0.195473
39098	0.194672	0.194672
39099	0.193878	0.193878
39100	0.193089	0.193089
39101	0.192308	0.192308
39102	0.191532	0.191532
39103	0.190763	0.190763
39104	0.190000	0.190000
39105	0.189243	0.189243
39106	0.188492	0.188492
39107	0.187747	0.187747
39108	0.187008	0.187008
39109	0.186275	0.186275
39110	0.185547	0.185547
39111	0.184825	0.184825
39112	0.184109	0.184109
39113	0.183398	0.183398
39114	0.182692	0.182692
39115	0.181992	0.181992
39116	0.181298	0.181298
39117	0.180608	0.180608
39118	0.179924	0.179924
39119	0.179245	0.179245
39120	0.178571	0.178571
39121	0.177903	0.177903
39122	0.177239	0.177239
39123	0.176580	0.176580
39124	0.175926	0.175926
39125	0.175277	0.175277
39126	0.174632	0.174632
39127	0.173993	0.173993
39128	0.173358	0.173358
39129	0.172727	0.172727
39130	0.175625	0.175625
39131	0.178621	0.178621
39132	0.181722	0.181722
39133	0.184932	0.184932
39134	0.188257	0.188257
39135	0.191704	0.191704
39136	0.195280	0.195280
39137	0.198991	0.198991
39138	0.202847	0.202847
39139	0.206855	0.206855
39140	0.211024	0.211024
39141	0.215365	0.215365
39142	0.219889	0.219889
39143	0.224606	0.224606
39144	0.229530	0.229530
39145	0.234675	0.234675
39146	0.240056	0.240056
39147	0.245690	0.245690
39148	0.251594	0.251594
39149	0.257789	0.257789
39150	0.264297	0.264297
39151	0.271142	0.271142
39152	0.278351	0.278351
39153	0.285953	0.285953
39154	0.293983	0.293983
39155	0.302476	0.302476
39156	0.311475	0.311475
39157	0.313926	0.313926
39158	0.316416	0.316416
39159	0.318945	0.318945
39160	0.321515	0.321515
39161	0.324127	0.324127
39162	0.326781	0.326781
39163	0.329480	0.329480
39164	0.332223	0.332223
39165	0.335013	0.335013
39166	0.337849	0.337849
39167	0.340734	0.340734
39168	0.343669	0.343669
39169	0.346655	0.346655
39170	0.349693	0.349693
39171	0.352785	0.352785
39172	0.355932	0.355932
39173	0.359136	0.359136
39174	0.362398	0.362398
39175	0.365720	0.365720
39176	0.369103	0.369103
39177	0.372549	0.372549
39178	0.376060	0.376060
39179	0.379638	0.379638
39180	0.383285	0.383285
39181	0.387003	0.387003
39182	0.390793	0.390793
39183	0.394659	0.394659
39184	0.398601	0.398601
39185	0.402624	0.402624
39186	0.406728	0.406728
39187	0.410917	0.410917
39188	0.415193	0.415193
39189	0.419558	0.419558
39190	0.424017	0.424017
39191	0.428571	0.428571
39192	0.433225	0.433225
39193	0.437980	0.437980
39194	0.442841	0.442841
39195	0.447811	0.447811
39196	0.452894	0.452894
39197	0.458094	0.458094
39198	0.463415	0.463415
39199	0.424797	0.424797
39200	0.392120	0.392120
39201	0.364111	0.364111
39202	0.339837	0.339837
39203	0.318598	0.318598
39204	0.299857	0.299857
39205	0.283198	0.283198
39206	0.268293	0.268293
39207	0.254878	0.254878
39208	0.242741	0.242741
39209	0.231707	0.231707
39210	0.221633	0.221633
39211	0.212398	0.212398
39212	0.203902	0.203902
39213	0.196060	0.196060
39214	0.188799	0.188799
39215	0.182056	0.182056
39216	0.175778	0.175778
39217	0.169919	0.169919
39218	0.164437	0.164437
39219	0.159299	0.159299
39220	0.154472	0.154472
39221	0.157676	0.157676
39222	0.161017	0.161017
39223	0.164502	0.164502
39224	0.168142	0.168142
39225	0.171946	0.171946
39226	0.175926	0.175926
39227	0.180095	0.180095
39228	0.184466	0.184466
39229	0.189055	0.189055
39230	0.193878	0.193878
39231	0.198953	0.198953
39232	0.204301	0.204301
39233	0.209945	0.209945
39234	0.215909	0.215909
39235	0.222222	0.222222
39236	0.228916	0.228916
39237	0.236025	0.236025
39238	0.243590	0.243590
39239	0.251656	0.251656
39240	0.260274	0.260274
39241	0.269504	0.269504
39242	0.279412	0.279412
39243	0.290076	0.290076
39244	0.301587	0.301587
39245	0.314050	0.314050
39246	0.327586	0.327586
39247	0.342342	0.342342
39248	0.358491	0.358491
39249	0.351155	0.351155
39250	0.344114	0.344114
39251	0.337349	0.337349
39252	0.330846	0.330846
39253	0.324588	0.324588
39254	0.318563	0.318563
39255	0.312757	0.312757
39256	0.307159	0.307159
39257	0.301758	0.301758
39258	0.296544	0.296544
39259	0.291507	0.291507
39260	0.286638	0.286638
39261	0.281929	0.281929
39262	0.277372	0.277372
39263	0.272960	0.272960
39264	0.268687	0.268687
39265	0.264545	0.264545
39266	0.260529	0.260529
39267	0.256633	0.256633
39268	0.252852	0.252852
39269	0.249180	0.249180
39270	0.245614	0.245614
39271	0.242148	0.242148
39272	0.238779	0.238779
39273	0.235502	0.235502
39274	0.232314	0.232314
39275	0.229212	0.229212
39276	0.226190	0.226190
39277	0.228522	0.228522
39278	0.230903	0.230903
39279	0.233333	0.233333
39280	0.235816	0.235816
39281	0.238351	0.238351
39282	0.240942	0.240942
39283	0.243590	0.243590
39284	0.246296	0.246296
39285	0.249064	0.249064
39286	0.251894	0.251894
39287	0.254789	0.254789
39288	0.257752	0.257752
39289	0.260784	0.260784
39290	0.263889	0.263889
39291	0.267068	0.267068
39292	0.270325	0.270325
39293	0.273663	0.273663
39294	0.277083	0.277083
39295	0.280591	0.280591
39296	0.284188	0.284188
39297	0.287879	0.287879
39298	0.291667	0.291667
39299	0.295556	0.295556
39300	0.299550	0.299550
39301	0.303653	0.303653
39302	0.307870	0.307870
39303	0.312207	0.312207
39304	0.316667	0.316667
39305	0.321256	0.321256
39306	0.325980	0.325980
39307	0.330846	0.330846
39308	0.335859	0.335859
39309	0.341026	0.341026
39310	0.346354	0.346354
39311	0.351852	0.351852
39312	0.348033	0.348033
39313	0.344295	0.344295
39314	0.340637	0.340637
39315	0.337057	0.337057
39316	0.333550	0.333550
39317	0.330116	0.330116
39318	0.326752	0.326752
39319	0.323455	0.323455
39320	0.320225	0.320225
39321	0.317058	0.317058
39322	0.313953	0.313953
39323	0.310909	0.310909
39324	0.307923	0.307923
39325	0.304994	0.304994
39326	0.302120	0.302120
39327	0.299300	0.299300
39328	0.296532	0.296532
39329	0.293814	0.293814
39330	0.291146	0.291146
39331	0.288526	0.288526
39332	0.285953	0.285953
39333	0.283425	0.283425
39334	0.280942	0.280942
39335	0.278502	0.278502
39336	0.276103	0.276103
39337	0.273746	0.273746
39338	0.271429	0.271429
39339	0.269677	0.269677
39340	0.267949	0.267949
39341	0.266242	0.266242
39342	0.264557	0.264557
39343	0.262893	0.262893
39344	0.261250	0.261250
39345	0.259627	0.259627
39346	0.258025	0.258025
39347	0.256442	0.256442
39348	0.254878	0.254878
39349	0.253333	0.253333
39350	0.251807	0.251807
39351	0.250299	0.250299
39352	0.248810	0.248810
39353	0.247337	0.247337
39354	0.245882	0.245882
39355	0.244444	0.244444
39356	0.243023	0.243023
39357	0.241618	0.241618
39358	0.240230	0.240230
39359	0.238857	0.238857
39360	0.237500	0.237500
39361	0.236158	0.236158
39362	0.234831	0.234831
39363	0.233520	0.233520
39364	0.232222	0.232222
39365	0.230939	0.230939
39366	0.229670	0.229670
39367	0.228415	0.228415
39368	0.227174	0.227174
39369	0.225946	0.225946
39370	0.224731	0.224731
39371	0.223529	0.223529
39372	0.220077	0.220077
39373	0.216730	0.216730
39374	0.213483	0.213483
39375	0.210332	0.210332
39376	0.207273	0.207273
39377	0.204301	0.204301
39378	0.201413	0.201413
39379	0.198606	0.198606
39380	0.195876	0.195876
39381	0.193220	0.193220
39382	0.190635	0.190635
39383	0.188119	0.188119
39384	0.185668	0.185668
39385	0.183280	0.183280
39386	0.180952	0.180952
39387	0.178683	0.178683
39388	0.176471	0.176471
39389	0.174312	0.174312
39390	0.172205	0.172205
39391	0.170149	0.170149
39392	0.168142	0.168142
39393	0.166181	0.166181
39394	0.164265	0.164265
39395	0.162393	0.162393
39396	0.160563	0.160563
39397	0.158774	0.158774
39398	0.157025	0.157025
39399	0.155313	0.155313
39400	0.153639	0.153639
39401	0.152000	0.152000
39402	0.152725	0.152725
39403	0.153458	0.153458
39404	0.154197	0.154197
39405	0.154944	0.154944
39406	0.155698	0.155698
39407	0.156459	0.156459
39408	0.157228	0.157228
39409	0.158004	0.158004
39410	0.158788	0.158788
39411	0.159580	0.159580
39412	0.160380	0.160380
39413	0.161188	0.161188
39414	0.162004	0.162004
39415	0.162828	0.162828
39416	0.163661	0.163661
39417	0.164502	0.164502
39418	0.165352	0.165352
39419	0.166211	0.166211
39420	0.167079	0.167079
39421	0.167956	0.167956
39422	0.168842	0.168842
39423	0.169738	0.169738
39424	0.170643	0.170643
39425	0.171558	0.171558
39426	0.172482	0.172482
39427	0.173417	0.173417
39428	0.174362	0.174362
39429	0.175317	0.175317
39430	0.176283	0.176283
39431	0.177259	0.177259
39432	0.178247	0.178247
39433	0.179245	0.179245
39434	0.180255	0.180255
39435	0.181276	0.181276
39436	0.182309	0.182309
39437	0.183353	0.183353
39438	0.184410	0.184410
39439	0.185479	0.185479
39440	0.186560	0.186560
39441	0.187654	0.187654
39442	0.188761	0.188761
39443	0.189881	0.189881
39444	0.191015	0.191015
39445	0.192162	0.192162
39446	0.193323	0.193323
39447	0.194498	0.194498
39448	0.195687	0.195687
39449	0.196891	0.196891
39450	0.198110	0.198110
39451	0.199344	0.199344
39452	0.200594	0.200594
39453	0.201859	0.201859
39454	0.203141	0.203141
39455	0.204438	0.204438
39456	0.205753	0.205753
39457	0.207084	0.207084
39458	0.208433	0.208433
39459	0.209800	0.209800
39460	0.211184	0.211184
39461	0.212587	0.212587
39462	0.214009	0.214009
39463	0.215450	0.215450
39464	0.216910	0.216910
39465	0.218391	0.218391
39466	0.216506	0.216506
39467	0.214653	0.214653
39468	0.212831	0.212831
39469	0.211040	0.211040
39470	0.209279	0.209279
39471	0.207547	0.207547
39472	0.205844	0.205844
39473	0.204168	0.204168
39474	0.202519	0.202519
39475	0.200897	0.200897
39476	0.199301	0.199301
39477	0.197729	0.197729
39478	0.196183	0.196183
39479	0.194660	0.194660
39480	0.193161	0.193161
39481	0.191685	0.191685
39482	0.190231	0.190231
39483	0.188799	0.188799
39484	0.187388	0.187388
39485	0.185998	0.185998
39486	0.184629	0.184629
39487	0.183280	0.183280
39488	0.181950	0.181950
39489	0.180640	0.180640
39490	0.179348	0.179348
39491	0.178074	0.178074
39492	0.176819	0.176819
39493	0.175581	0.175581
39494	0.174360	0.174360
39495	0.173157	0.173157
39496	0.171969	0.171969
39497	0.170798	0.170798
39498	0.169643	0.169643
39499	0.169094	0.169094
39500	0.168548	0.168548
39501	0.168006	0.168006
39502	0.167468	0.167468
39503	0.166933	0.166933
39504	0.166401	0.166401
39505	0.165873	0.165873
39506	0.165348	0.165348
39507	0.164826	0.164826
39508	0.164308	0.164308
39509	0.163793	0.163793
39510	0.163281	0.163281
39511	0.162773	0.162773
39512	0.162267	0.162267
39513	0.161765	0.161765
39514	0.161265	0.161265
39515	0.160769	0.160769
39516	0.160276	0.160276
39517	0.159786	0.159786
39518	0.159299	0.159299
39519	0.158815	0.158815
39520	0.158333	0.158333
39521	0.160358	0.160358
39522	0.162435	0.162435
39523	0.164567	0.164567
39524	0.166755	0.166755
39525	0.169003	0.169003
39526	0.171311	0.171311
39527	0.173684	0.173684
39528	0.176124	0.176124
39529	0.178632	0.178632
39530	0.181214	0.181214
39531	0.183871	0.183871
39532	0.186607	0.186607
39533	0.189426	0.189426
39534	0.192331	0.192331
39535	0.195327	0.195327
39536	0.198418	0.198418
39537	0.201608	0.201608
39538	0.204902	0.204902
39539	0.208306	0.208306
39540	0.211824	0.211824
39541	0.215464	0.215464
39542	0.219231	0.219231
39543	0.223132	0.223132
39544	0.227174	0.227174
39545	0.231365	0.231365
39546	0.235714	0.235714
39547	0.240230	0.240230
39548	0.244922	0.244922
39549	0.249801	0.249801
39550	0.254878	0.254878
39551	0.260166	0.260166
39552	0.265678	0.265678
39553	0.271429	0.271429
39554	0.273775	0.273775
39555	0.276163	0.276163
39556	0.278592	0.278592
39557	0.281065	0.281065
39558	0.283582	0.283582
39559	0.286145	0.286145
39560	0.288754	0.288754
39561	0.291411	0.291411
39562	0.294118	0.294118
39563	0.296875	0.296875
39564	0.299685	0.299685
39565	0.302548	0.302548
39566	0.305466	0.305466
39567	0.308442	0.308442
39568	0.311475	0.311475
39569	0.314570	0.314570
39570	0.317726	0.317726
39571	0.320946	0.320946
39572	0.324232	0.324232
39573	0.327586	0.327586
39574	0.331010	0.331010
39575	0.334507	0.334507
39576	0.338078	0.338078
39577	0.341727	0.341727
39578	0.345455	0.345455
39579	0.344075	0.344075
39580	0.342706	0.342706
39581	0.341347	0.341347
39582	0.340000	0.340000
39583	0.338663	0.338663
39584	0.337337	0.337337
39585	0.336021	0.336021
39586	0.334715	0.334715
39587	0.333419	0.333419
39588	0.332134	0.332134
39589	0.330858	0.330858
39590	0.329592	0.329592
39591	0.328335	0.328335
39592	0.327089	0.327089
39593	0.325851	0.325851
39594	0.324623	0.324623
39595	0.323404	0.323404
39596	0.322195	0.322195
39597	0.320994	0.320994
39598	0.319802	0.319802
39599	0.318619	0.318619
39600	0.317445	0.317445
39601	0.316279	0.316279
39602	0.315122	0.315122
39603	0.313973	0.313973
39604	0.312833	0.312833
39605	0.311701	0.311701
39606	0.310577	0.310577
39607	0.309461	0.309461
39608	0.308353	0.308353
39609	0.307253	0.307253
39610	0.306161	0.306161
39611	0.305077	0.305077
39612	0.304000	0.304000
39613	0.309392	0.309392
39614	0.314979	0.314979
39615	0.320772	0.320772
39616	0.326781	0.326781
39617	0.333020	0.333020
39618	0.339502	0.339502
39619	0.346241	0.346241
39620	0.353254	0.353254
39621	0.360556	0.360556
39622	0.368166	0.368166
39623	0.376105	0.376105
39624	0.384393	0.384393
39625	0.393055	0.393055
39626	0.402116	0.402116
39627	0.411605	0.411605
39628	0.421553	0.421553
39629	0.431994	0.431994
39630	0.442964	0.442964
39631	0.454507	0.454507
39632	0.466667	0.466667
39633	0.479495	0.479495
39634	0.493049	0.493049
39635	0.507392	0.507392
39636	0.522593	0.522593
39637	0.538734	0.538734
39638	0.555904	0.555904
39639	0.574204	0.574204
39640	0.593750	0.593750
39641	0.578853	0.578853
39642	0.564685	0.564685
39643	0.551195	0.551195
39644	0.538333	0.538333
39645	0.526059	0.526059
39646	0.514331	0.514331
39647	0.503115	0.503115
39648	0.492378	0.492378
39649	0.482090	0.482090
39650	0.472222	0.472222
39651	0.462751	0.462751
39652	0.453652	0.453652
39653	0.444904	0.444904
39654	0.436486	0.436486
39655	0.428382	0.428382
39656	0.420573	0.420573
39657	0.413043	0.413043
39658	0.405779	0.405779
39659	0.398765	0.398765
39660	0.391990	0.391990
39661	0.385442	0.385442
39662	0.379108	0.379108
39663	0.372979	0.372979
39664	0.367045	0.367045
39665	0.361298	0.361298
39666	0.355727	0.355727
39667	0.350325	0.350325
39668	0.345085	0.345085
39669	0.340000	0.340000
39670	0.335062	0.335062
39671	0.330266	0.330266
39672	0.325605	0.325605
39673	0.321074	0.321074
39674	0.316667	0.316667
39675	0.314235	0.314235
39676	0.311841	0.311841
39677	0.309482	0.309482
39678	0.307159	0.307159
39679	0.304871	0.304871
39680	0.302617	0.302617
39681	0.300395	0.300395
39682	0.298206	0.298206
39683	0.296049	0.296049
39684	0.293923	0.293923
39685	0.291827	0.291827
39686	0.289760	0.289760
39687	0.287723	0.287723
39688	0.285714	0.285714
39689	0.283733	0.283733
39690	0.281780	0.281780
39691	0.279853	0.279853
39692	0.277952	0.277952
39693	0.276077	0.276077
39694	0.274227	0.274227
39695	0.272401	0.272401
39696	0.270600	0.270600
39697	0.268823	0.268823
39698	0.267068	0.267068
39699	0.265337	0.265337
39700	0.263627	0.263627
39701	0.261940	0.261940
39702	0.260274	0.260274
39703	0.259386	0.259386
39704	0.258503	0.258503
39705	0.257627	0.257627
39706	0.256757	0.256757
39707	0.255892	0.255892
39708	0.255034	0.255034
39709	0.254181	0.254181
39710	0.253333	0.253333
39711	0.252492	0.252492
39712	0.251656	0.251656
39713	0.250825	0.250825
39714	0.250000	0.250000
39715	0.249180	0.249180
39716	0.248366	0.248366
39717	0.247557	0.247557
39718	0.246753	0.246753
39719	0.245955	0.245955
39720	0.245161	0.245161
39721	0.244373	0.244373
39722	0.243590	0.243590
39723	0.242812	0.242812
39724	0.242038	0.242038
39725	0.241270	0.241270
39726	0.240506	0.240506
39727	0.239748	0.239748
39728	0.238994	0.238994
39729	0.238245	0.238245
39730	0.237500	0.237500
39731	0.236760	0.236760
39732	0.236025	0.236025
39733	0.235294	0.235294
39734	0.234568	0.234568
39735	0.233846	0.233846
39736	0.233129	0.233129
39737	0.232416	0.232416
39738	0.231707	0.231707
39739	0.232653	0.232653
39740	0.233607	0.233607
39741	0.234568	0.234568
39742	0.235537	0.235537
39743	0.236515	0.236515
39744	0.237500	0.237500
39745	0.238494	0.238494
39746	0.239496	0.239496
39747	0.240506	0.240506
39748	0.241525	0.241525
39749	0.242553	0.242553
39750	0.243590	0.243590
39751	0.244635	0.244635
39752	0.245690	0.245690
39753	0.246753	0.246753
39754	0.247826	0.247826
39755	0.248908	0.248908
39756	0.250000	0.250000
39757	0.251101	0.251101
39758	0.252212	0.252212
39759	0.253333	0.253333
39760	0.254464	0.254464
39761	0.255605	0.255605
39762	0.256757	0.256757
39763	0.257919	0.257919
39764	0.259091	0.259091
39765	0.260274	0.260274
39766	0.257717	0.257717
39767	0.255211	0.255211
39768	0.252752	0.252752
39769	0.250341	0.250341
39770	0.247975	0.247975
39771	0.245653	0.245653
39772	0.243375	0.243375
39773	0.241138	0.241138
39774	0.238942	0.238942
39775	0.236786	0.236786
39776	0.234668	0.234668
39777	0.232588	0.232588
39778	0.230544	0.230544
39779	0.228536	0.228536
39780	0.226562	0.226562
39781	0.224623	0.224623
39782	0.222716	0.222716
39783	0.220842	0.220842
39784	0.218998	0.218998
39785	0.217186	0.217186
39786	0.215403	0.215403
39787	0.213649	0.213649
39788	0.211923	0.211923
39789	0.210225	0.210225
39790	0.208554	0.208554
39791	0.206910	0.206910
39792	0.205291	0.205291
39793	0.203697	0.203697
39794	0.202128	0.202128
39795	0.203209	0.203209
39796	0.204301	0.204301
39797	0.205405	0.205405
39798	0.206522	0.206522
39799	0.207650	0.207650
39800	0.208791	0.208791
39801	0.209945	0.209945
39802	0.211111	0.211111
39803	0.212291	0.212291
39804	0.213483	0.213483
39805	0.214689	0.214689
39806	0.215909	0.215909
39807	0.217143	0.217143
39808	0.218391	0.218391
39809	0.219653	0.219653
39810	0.220930	0.220930
39811	0.222222	0.222222
39812	0.223529	0.223529
39813	0.224852	0.224852
39814	0.226190	0.226190
39815	0.227545	0.227545
39816	0.228916	0.228916
39817	0.230303	0.230303
39818	0.231707	0.231707
39819	0.233129	0.233129
39820	0.234568	0.234568
39821	0.236025	0.236025
39822	0.237500	0.237500
39823	0.238994	0.238994
39824	0.240506	0.240506
39825	0.242038	0.242038
39826	0.243590	0.243590
39827	0.245161	0.245161
39828	0.246753	0.246753
39829	0.248366	0.248366
39830	0.250000	0.250000
39831	0.251656	0.251656
39832	0.253333	0.253333
39833	0.255034	0.255034
39834	0.256757	0.256757
39835	0.258503	0.258503
39836	0.260274	0.260274
39837	0.260058	0.260058
39838	0.259843	0.259843
39839	0.259627	0.259627
39840	0.259412	0.259412
39841	0.259198	0.259198
39842	0.258984	0.258984
39843	0.258770	0.258770
39844	0.258557	0.258557
39845	0.258344	0.258344
39846	0.258131	0.258131
39847	0.257919	0.257919
39848	0.257707	0.257707
39849	0.257495	0.257495
39850	0.257284	0.257284
39851	0.257073	0.257073
39852	0.256862	0.256862
39853	0.256652	0.256652
39854	0.256442	0.256442
39855	0.256232	0.256232
39856	0.256023	0.256023
39857	0.255814	0.255814
39858	0.255605	0.255605
39859	0.255397	0.255397
39860	0.255189	0.255189
39861	0.254982	0.254982
39862	0.254774	0.254774
39863	0.254568	0.254568
39864	0.254361	0.254361
39865	0.254155	0.254155
39866	0.253949	0.253949
39867	0.253743	0.253743
39868	0.253538	0.253538
39869	0.253333	0.253333
39870	0.249572	0.249572
39871	0.245920	0.245920
39872	0.242374	0.242374
39873	0.238928	0.238928
39874	0.235580	0.235580
39875	0.232323	0.232323
39876	0.229156	0.229156
39877	0.226073	0.226073
39878	0.223073	0.223073
39879	0.220151	0.220151
39880	0.217305	0.217305
39881	0.214531	0.214531
39882	0.211827	0.211827
39883	0.209191	0.209191
39884	0.206619	0.206619
39885	0.204110	0.204110
39886	0.201661	0.201661
39887	0.199270	0.199270
39888	0.196936	0.196936
39889	0.194655	0.194655
39890	0.192426	0.192426
39891	0.190248	0.190248
39892	0.188119	0.188119
39893	0.192823	0.192823
39894	0.197770	0.197770
39895	0.202976	0.202976
39896	0.208464	0.208464
39897	0.214257	0.214257
39898	0.220381	0.220381
39899	0.226866	0.226866
39900	0.233743	0.233743
39901	0.241051	0.241051
39902	0.248831	0.248831
39903	0.257129	0.257129
39904	0.266000	0.266000
39905	0.275505	0.275505
39906	0.285714	0.285714
39907	0.296709	0.296709
39908	0.308585	0.308585
39909	0.321450	0.321450
39910	0.335435	0.335435
39911	0.350692	0.350692
39912	0.367403	0.367403
39913	0.385787	0.385787
39914	0.406107	0.406107
39915	0.428687	0.428687
39916	0.453925	0.453925
39917	0.482321	0.482321
39918	0.514507	0.514507
39919	0.551295	0.551295
39920	0.593750	0.593750
39921	0.592428	0.592428
39922	0.591111	0.591111
39923	0.589800	0.589800
39924	0.588496	0.588496
39925	0.587196	0.587196
39926	0.585903	0.585903
39927	0.584615	0.584615
39928	0.583333	0.583333
39929	0.582057	0.582057
39930	0.580786	0.580786
39931	0.579521	0.579521
39932	0.578261	0.578261
39933	0.577007	0.577007
39934	0.575758	0.575758
39935	0.574514	0.574514
39936	0.573276	0.573276
39937	0.572043	0.572043
39938	0.570815	0.570815
39939	0.569593	0.569593
39940	0.568376	0.568376
39941	0.567164	0.567164
39942	0.565957	0.565957
39943	0.564756	0.564756
39944	0.563559	0.563559
39945	0.562368	0.562368
39946	0.561181	0.561181
39947	0.560000	0.560000
39948	0.558824	0.558824
39949	0.542283	0.542283
39950	0.526694	0.526694
39951	0.511976	0.511976
39952	0.498058	0.498058
39953	0.484877	0.484877
39954	0.472376	0.472376
39955	0.460503	0.460503
39956	0.449212	0.449212
39957	0.438462	0.438462
39958	0.428214	0.428214
39959	0.418434	0.418434
39960	0.409091	0.409091
39961	0.400156	0.400156
39962	0.391603	0.391603
39963	0.383408	0.383408
39964	0.375549	0.375549
39965	0.368006	0.368006
39966	0.360759	0.360759
39967	0.353793	0.353793
39968	0.347091	0.347091
39969	0.340637	0.340637
39970	0.334420	0.334420
39971	0.328425	0.328425
39972	0.322642	0.322642
39973	0.317058	0.317058
39974	0.311665	0.311665
39975	0.306452	0.306452
39976	0.308386	0.308386
39977	0.310345	0.310345
39978	0.312329	0.312329
39979	0.314338	0.314338
39980	0.316374	0.316374
39981	0.318436	0.318436
39982	0.320525	0.320525
39983	0.322642	0.322642
39984	0.324786	0.324786
39985	0.326960	0.326960
39986	0.329163	0.329163
39987	0.331395	0.331395
39988	0.333659	0.333659
39989	0.335953	0.335953
39990	0.338279	0.338279
39991	0.340637	0.340637
39992	0.343029	0.343029
39993	0.345455	0.345455
39994	0.347915	0.347915
39995	0.350410	0.350410
39996	0.352941	0.352941
39997	0.355509	0.355509
39998	0.358115	0.358115
39999	0.360759	0.360759
40000	0.363443	0.363443
40001	0.366167	0.366167
40002	0.368932	0.368932
40003	0.371739	0.371739
40004	0.374589	0.374589
40005	0.377483	0.377483
40006	0.380423	0.380423
40007	0.383408	0.383408
40008	0.386441	0.386441
40009	0.389522	0.389522
40010	0.392652	0.392652
40011	0.395833	0.395833
40012	0.391868	0.391868
40013	0.387981	0.387981
40014	0.384171	0.384171
40015	0.380435	0.380435
40016	0.376771	0.376771
40017	0.373176	0.373176
40018	0.369650	0.369650
40019	0.366189	0.366189
40020	0.362793	0.362793
40021	0.359459	0.359459
40022	0.356186	0.356186
40023	0.352972	0.352972
40024	0.349816	0.349816
40025	0.346715	0.346715
40026	0.343669	0.343669
40027	0.340676	0.340676
40028	0.337735	0.337735
40029	0.334844	0.334844
40030	0.332002	0.332002
40031	0.329208	0.329208
40032	0.326460	0.326460
40033	0.323759	0.323759
40034	0.321101	0.321101
40035	0.318487	0.318487
40036	0.315914	0.315914
40037	0.313384	0.313384
40038	0.310893	0.310893
40039	0.308442	0.308442
40040	0.306029	0.306029
40041	0.303653	0.303653
40042	0.301314	0.301314
40043	0.299011	0.299011
40044	0.296743	0.296743
40045	0.294508	0.294508
40046	0.292308	0.292308
40047	0.291086	0.291086
40048	0.289875	0.289875
40049	0.288674	0.288674
40050	0.287483	0.287483
40051	0.286301	0.286301
40052	0.285130	0.285130
40053	0.283967	0.283967
40054	0.282815	0.282815
40055	0.281671	0.281671
40056	0.280537	0.280537
40057	0.279412	0.279412
40058	0.278296	0.278296
40059	0.277188	0.277188
40060	0.276090	0.276090
40061	0.275000	0.275000
40062	0.273919	0.273919
40063	0.272846	0.272846
40064	0.271782	0.271782
40065	0.270725	0.270725
40066	0.269677	0.269677
40067	0.268638	0.268638
40068	0.267606	0.267606
40069	0.266582	0.266582
40070	0.265565	0.265565
40071	0.264557	0.264557
40072	0.263556	0.263556
40073	0.262563	0.262563
40074	0.261577	0.261577
40075	0.260599	0.260599
40076	0.259627	0.259627
40077	0.258663	0.258663
40078	0.257707	0.257707
40079	0.256757	0.256757
40080	0.255814	0.255814
40081	0.254878	0.254878
40082	0.253949	0.253949
40083	0.253027	0.253027
40084	0.252111	0.252111
40085	0.251202	0.251202
40086	0.250299	0.250299
40087	0.249403	0.249403
40088	0.248514	0.248514
40089	0.247630	0.247630
40090	0.246753	0.246753
40091	0.245882	0.245882
40092	0.245018	0.245018
40093	0.244159	0.244159
40094	0.243306	0.243306
40095	0.242459	0.242459
40096	0.241618	0.241618
40097	0.240783	0.240783
40098	0.239954	0.239954
40099	0.239130	0.239130
40100	0.238312	0.238312
40101	0.237500	0.237500
40102	0.239381	0.239381
40103	0.241292	0.241292
40104	0.243233	0.243233
40105	0.245206	0.245206
40106	0.247212	0.247212
40107	0.249250	0.249250
40108	0.251323	0.251323
40109	0.253430	0.253430
40110	0.255573	0.255573
40111	0.257752	0.257752
40112	0.259969	0.259969
40113	0.262224	0.262224
40114	0.264519	0.264519
40115	0.266854	0.266854
40116	0.269231	0.269231
40117	0.271650	0.271650
40118	0.274114	0.274114
40119	0.276622	0.276622
40120	0.279177	0.279177
40121	0.281780	0.281780
40122	0.284431	0.284431
40123	0.287133	0.287133
40124	0.289887	0.289887
40125	0.292694	0.292694
40126	0.295556	0.295556
40127	0.298474	0.298474
40128	0.301451	0.301451
40129	0.304487	0.304487
40130	0.307586	0.307586
40131	0.310748	0.310748
40132	0.313975	0.313975
40133	0.317271	0.317271
40134	0.320636	0.320636
40135	0.324074	0.324074
40136	0.327586	0.327586
40137	0.315234	0.315234
40138	0.303779	0.303779
40139	0.293128	0.293128
40140	0.283198	0.283198
40141	0.273919	0.273919
40142	0.265228	0.265228
40143	0.257073	0.257073
40144	0.249403	0.249403
40145	0.242178	0.242178
40146	0.235360	0.235360
40147	0.228916	0.228916
40148	0.222814	0.222814
40149	0.217030	0.217030
40150	0.211538	0.211538
40151	0.206318	0.206318
40152	0.201349	0.201349
40153	0.196613	0.196613
40154	0.192096	0.192096
40155	0.187781	0.187781
40156	0.183656	0.183656
40157	0.179708	0.179708
40158	0.175926	0.175926
40159	0.175231	0.175231
40160	0.174541	0.174541
40161	0.173856	0.173856
40162	0.173177	0.173177
40163	0.172503	0.172503
40164	0.171835	0.171835
40165	0.171171	0.171171
40166	0.170513	0.170513
40167	0.169860	0.169860
40168	0.169211	0.169211
40169	0.168568	0.168568
40170	0.167929	0.167929
40171	0.167296	0.167296
40172	0.166667	0.166667
40173	0.166042	0.166042
40174	0.165423	0.165423
40175	0.164808	0.164808
40176	0.164198	0.164198
40177	0.163592	0.163592
40178	0.162990	0.162990
40179	0.162393	0.162393
40180	0.161800	0.161800
40181	0.161212	0.161212
40182	0.160628	0.160628
40183	0.160048	0.160048
40184	0.159472	0.159472
40185	0.158901	0.158901
40186	0.158333	0.158333
40187	0.157770	0.157770
40188	0.157210	0.157210
40189	0.156655	0.156655
40190	0.156103	0.156103
40191	0.155556	0.155556
40192	0.155012	0.155012
40193	0.154472	0.154472
40194	0.153935	0.153935
40195	0.153403	0.153403
40196	0.152874	0.152874
40197	0.152348	0.152348
40198	0.151826	0.151826
40199	0.151308	0.151308
40200	0.150794	0.150794
40201	0.152786	0.152786
40202	0.154831	0.154831
40203	0.156932	0.156932
40204	0.159091	0.159091
40205	0.161310	0.161310
40206	0.163592	0.163592
40207	0.165939	0.165939
40208	0.168354	0.168354
40209	0.170841	0.170841
40210	0.173403	0.173403
40211	0.176042	0.176042
40212	0.178763	0.178763
40213	0.181570	0.181570
40214	0.184466	0.184466
40215	0.187456	0.187456
40216	0.190544	0.190544
40217	0.193736	0.193736
40218	0.197037	0.197037
40219	0.200452	0.200452
40220	0.203988	0.203988
40221	0.207650	0.207650
40222	0.211447	0.211447
40223	0.215385	0.215385
40224	0.219472	0.219472
40225	0.223717	0.223717
40226	0.228130	0.228130
40227	0.232721	0.232721
40228	0.237500	0.237500
40229	0.236936	0.236936
40230	0.236374	0.236374
40231	0.235816	0.235816
40232	0.235259	0.235259
40233	0.234706	0.234706
40234	0.234155	0.234155
40235	0.233607	0.233607
40236	0.233061	0.233061
40237	0.232517	0.232517
40238	0.231977	0.231977
40239	0.231439	0.231439
40240	0.230903	0.230903
40241	0.230370	0.230370
40242	0.229839	0.229839
40243	0.229310	0.229310
40244	0.228784	0.228784
40245	0.228261	0.228261
40246	0.227740	0.227740
40247	0.227221	0.227221
40248	0.226705	0.226705
40249	0.226190	0.226190
40250	0.225424	0.225424
40251	0.224662	0.224662
40252	0.223906	0.223906
40253	0.223154	0.223154
40254	0.222408	0.222408
40255	0.221667	0.221667
40256	0.220930	0.220930
40257	0.220199	0.220199
40258	0.219472	0.219472
40259	0.218750	0.218750
40260	0.218033	0.218033
40261	0.217320	0.217320
40262	0.216612	0.216612
40263	0.215909	0.215909
40264	0.215210	0.215210
40265	0.214516	0.214516
40266	0.213826	0.213826
40267	0.213141	0.213141
40268	0.212460	0.212460
40269	0.211783	0.211783
40270	0.211111	0.211111
40271	0.210443	0.210443
40272	0.209779	0.209779
40273	0.209119	0.209119
40274	0.208464	0.208464
40275	0.207813	0.207813
40276	0.207165	0.207165
40277	0.206522	0.206522
40278	0.205882	0.205882
40279	0.205247	0.205247
40280	0.204615	0.204615
40281	0.203988	0.203988
40282	0.203364	0.203364
40283	0.202744	0.202744
40284	0.202128	0.202128
40285	0.204773	0.204773
40286	0.207488	0.207488
40287	0.210277	0.210277
40288	0.213141	0.213141
40289	0.216084	0.216084
40290	0.219110	0.219110
40291	0.222222	0.222222
40292	0.225424	0.225424
40293	0.228719	0.228719
40294	0.232112	0.232112
40295	0.235607	0.235607
40296	0.239209	0.239209
40297	0.242922	0.242922
40298	0.246753	0.246753
40299	0.250707	0.250707
40300	0.254789	0.254789
40301	0.259007	0.259007
40302	0.263366	0.263366
40303	0.267875	0.267875
40304	0.272541	0.272541
40305	0.277372	0.277372
40306	0.282378	0.282378
40307	0.287568	0.287568
40308	0.292952	0.292952
40309	0.298541	0.298541
40310	0.304348	0.304348
40311	0.310385	0.310385
40312	0.316667	0.316667
40313	0.318945	0.318945
40314	0.321256	0.321256
40315	0.323601	0.323601
40316	0.325980	0.325980
40317	0.328395	0.328395
40318	0.330846	0.330846
40319	0.333333	0.333333
40320	0.335859	0.335859
40321	0.338422	0.338422
40322	0.341026	0.341026
40323	0.343669	0.343669
40324	0.346354	0.346354
40325	0.349081	0.349081
40326	0.351852	0.351852
40327	0.354667	0.354667
40328	0.357527	0.357527
40329	0.360434	0.360434
40330	0.363388	0.363388
40331	0.366391	0.366391
40332	0.369444	0.369444
40333	0.372549	0.372549
40334	0.375706	0.375706
40335	0.378917	0.378917
40336	0.382184	0.382184
40337	0.385507	0.385507
40338	0.388889	0.388889
40339	0.392330	0.392330
40340	0.395833	0.395833
40341	0.399399	0.399399
40342	0.403030	0.403030
40343	0.406728	0.406728
40344	0.410494	0.410494
40345	0.414330	0.414330
40346	0.418239	0.418239
40347	0.422222	0.422222
40348	0.420553	0.420553
40349	0.418898	0.418898
40350	0.417255	0.417255
40351	0.415625	0.415625
40352	0.414008	0.414008
40353	0.412403	0.412403
40354	0.410811	0.410811
40355	0.409231	0.409231
40356	0.407663	0.407663
40357	0.406107	0.406107
40358	0.404563	0.404563
40359	0.403030	0.403030
40360	0.401509	0.401509
40361	0.400000	0.400000
40362	0.398502	0.398502
40363	0.397015	0.397015
40364	0.395539	0.395539
40365	0.394074	0.394074
40366	0.392620	0.392620
40367	0.391176	0.391176
40368	0.389744	0.389744
40369	0.388321	0.388321
40370	0.386909	0.386909
40371	0.385507	0.385507
40372	0.384116	0.384116
40373	0.382734	0.382734
40374	0.381362	0.381362
40375	0.380000	0.380000
40376	0.380000	0.380000
40377	0.380000	0.380000
40378	0.380000	0.380000
40379	0.380000	0.380000
40380	0.380000	0.380000
40381	0.380000	0.380000
40382	0.380000	0.380000
40383	0.380000	0.380000
40384	0.380000	0.380000
40385	0.380000	0.380000
40386	0.380000	0.380000
40387	0.380000	0.380000
40388	0.380000	0.380000
40389	0.380000	0.380000
40390	0.380000	0.380000
40391	0.380000	0.380000
40392	0.380000	0.380000
40393	0.380000	0.380000
40394	0.380000	0.380000
40395	0.380000	0.380000
40396	0.380000	0.380000
40397	0.380000	0.380000
40398	0.380000	0.380000
40399	0.380000	0.380000
40400	0.380000	0.380000
40401	0.380000	0.380000
40402	0.380000	0.380000
40403	0.380000	0.380000
40404	0.380000	0.380000
40405	0.380000	0.380000
40406	0.380000	0.380000
40407	0.380000	0.380000
40408	0.380000	0.380000
40409	0.380000	0.380000
40410	0.380000	0.380000
40411	0.378598	0.378598
40412	0.377206	0.377206
40413	0.375824	0.375824
40414	0.374453	0.374453
40415	0.373091	0.373091
40416	0.371739	0.371739
40417	0.370397	0.370397
40418	0.369065	0.369065
40419	0.367742	0.367742
40420	0.366429	0.366429
40421	0.365125	0.365125
40422	0.363830	0.363830
40423	0.362544	0.362544
40424	0.361268	0.361268
40425	0.360000	0.360000
40426	0.358741	0.358741
40427	0.357491	0.357491
40428	0.356250	0.356250
40429	0.355017	0.355017
40430	0.353793	0.353793
40431	0.352577	0.352577
40432	0.351370	0.351370
40433	0.350171	0.350171
40434	0.348980	0.348980
40435	0.347797	0.347797
40436	0.346622	0.346622
40437	0.345455	0.345455
40438	0.347032	0.347032
40439	0.348624	0.348624
40440	0.350230	0.350230
40441	0.351852	0.351852
40442	0.353488	0.353488
40443	0.355140	0.355140
40444	0.356808	0.356808
40445	0.358491	0.358491
40446	0.360190	0.360190
40447	0.361905	0.361905
40448	0.363636	0.363636
40449	0.365385	0.365385
40450	0.367150	0.367150
40451	0.368932	0.368932
40452	0.370732	0.370732
40453	0.372549	0.372549
40454	0.374384	0.374384
40455	0.376238	0.376238
40456	0.378109	0.378109
40457	0.380000	0.380000
40458	0.381910	0.381910
40459	0.383838	0.383838
40460	0.385787	0.385787
40461	0.387755	0.387755
40462	0.389744	0.389744
40463	0.391753	0.391753
40464	0.393782	0.393782
40465	0.395833	0.395833
40466	0.385315	0.385315
40467	0.375341	0.375341
40468	0.365870	0.365870
40469	0.356865	0.356865
40470	0.348293	0.348293
40471	0.340123	0.340123
40472	0.332328	0.332328
40473	0.324882	0.324882
40474	0.317762	0.317762
40475	0.310948	0.310948
40476	0.304420	0.304420
40477	0.298160	0.298160
40478	0.292153	0.292153
40479	0.286383	0.286383
40480	0.280836	0.280836
40481	0.275500	0.275500
40482	0.270363	0.270363
40483	0.265414	0.265414
40484	0.260643	0.260643
40485	0.256041	0.256041
40486	0.251598	0.251598
40487	0.247307	0.247307
40488	0.243160	0.243160
40489	0.239149	0.239149
40490	0.235269	0.235269
40491	0.231513	0.231513
40492	0.227874	0.227874
40493	0.224349	0.224349
40494	0.220930	0.220930
40495	0.220381	0.220381
40496	0.219835	0.219835
40497	0.219291	0.219291
40498	0.218750	0.218750
40499	0.218212	0.218212
40500	0.217676	0.217676
40501	0.217143	0.217143
40502	0.216612	0.216612
40503	0.216084	0.216084
40504	0.215559	0.215559
40505	0.215036	0.215036
40506	0.214516	0.214516
40507	0.213998	0.213998
40508	0.213483	0.213483
40509	0.212970	0.212970
40510	0.212460	0.212460
