z [m]   U [m/s] V [m/s] T [°C]	S [‰]	k [J/kg]	eps [W/kg]
0	0	0	5.148043	0	3.00e-06	5.00e-10
-1	0	0	5.153018	0	3.00e-06	5.00e-10
-2	0	0	5.153208	0	3.00e-06	5.00e-10
-3	0	0	5.148809	0	3.00e-06	5.00e-10
-4	0	0	5.148918	0	3.00e-06	5.00e-10
-5	0	0	5.146736	0	3.00e-06	5.00e-10
-6	0	0	5.146608	0	3.00e-06	5.00e-10
-7	0	0	5.146671	0	3.00e-06	5.00e-10
-8	0	0	5.147593	0	3.00e-06	5.00e-10
-9	0	0	5.146808	0	3.00e-06	5.00e-10
-10	0	0	5.149133	0	3.00e-06	5.00e-10
-11	0	0	5.147875	0	3.00e-06	5.00e-10
-12	0	0	5.143792	0	3.00e-06	5.00e-10
-13	0	0	5.144758	0	3.00e-06	5.00e-10
-14	0	0	5.145027	0	3.00e-06	5.00e-10
-15	0	0	5.150236	0	3.00e-06	5.00e-10
-16	0	0	5.150527	0	3.00e-06	5.00e-10
-17	0	0	5.149845	0	3.00e-06	5.00e-10
-18	0	0	5.149722	0	3.00e-06	5.00e-10
-19	0	0	5.151730	0	3.00e-06	5.00e-10
-20	0	0	5.148433	0	3.00e-06	5.00e-10
-21	0	0	5.147170	0	3.00e-06	5.00e-10
-22	0	0	5.147133	0	3.00e-06	5.00e-10
-23	0	0	5.150650	0	3.00e-06	5.00e-10
-24	0	0	5.151467	0	3.00e-06	5.00e-10
-25	0	0	5.150938	0	3.00e-06	5.00e-10
-26	0	0	5.151467	0	3.00e-06	5.00e-10
-27	0	0	5.150725	0	3.00e-06	5.00e-10
-28	0	0	5.151667	0	3.00e-06	5.00e-10
-29	0	0	5.151933	0	3.00e-06	5.00e-10
-30	0	0	5.151720	0	3.00e-06	5.00e-10
-31	0	0	5.151856	0	3.00e-06	5.00e-10
-32	0	0	5.151425	0	3.00e-06	5.00e-10
-33	0	0	5.150975	0	3.00e-06	5.00e-10
-34	0	0	5.150525	0	3.00e-06	5.00e-10
-35	0	0	5.149725	0	3.00e-06	5.00e-10
-36	0	0	5.149875	0	3.00e-06	5.00e-10
-37	0	0	5.150263	0	3.00e-06	5.00e-10
-38	0	0	5.149967	0	3.00e-06	5.00e-10
-39	0	0	5.150089	0	3.00e-06	5.00e-10
-40	0	0	5.150767	0	3.00e-06	5.00e-10
-41	0	0	5.150436	0	3.00e-06	5.00e-10
-42	0	0	5.151989	0	3.00e-06	5.00e-10
-43	0	0	5.150756	0	3.00e-06	5.00e-10
-44	0	0	5.148775	0	3.00e-06	5.00e-10
-45	0	0	5.149762	0	3.00e-06	5.00e-10
-46	0	0	5.149222	0	3.00e-06	5.00e-10
-47	0	0	5.146962	0	3.00e-06	5.00e-10
-48	0	0	5.147062	0	3.00e-06	5.00e-10
-49	0	0	5.147082	0	3.00e-06	5.00e-10
-50	0	0	5.148885	0	3.00e-06	5.00e-10
-51	0	0	5.149008	0	3.00e-06	5.00e-10
-52	0	0	5.148736	0	3.00e-06	5.00e-10
-53	0	0	5.148612	0	3.00e-06	5.00e-10
-54	0	0	5.148700	0	3.00e-06	5.00e-10
-55	0	0	5.148750	0	3.00e-06	5.00e-10
-56	0	0	5.148200	0	3.00e-06	5.00e-10
-57	0	0	5.147320	0	3.00e-06	5.00e-10
-58	0	0	5.147833	0	3.00e-06	5.00e-10
-59	0	0	5.147322	0	3.00e-06	5.00e-10
-60	0	0	5.147345	0	3.00e-06	5.00e-10
-61	0	0	5.147633	0	3.00e-06	5.00e-10
-62	0	0	5.147610	0	3.00e-06	5.00e-10
-63	0	0	5.147164	0	3.00e-06	5.00e-10
-64	0	0	5.147733	0	3.00e-06	5.00e-10
-65	0	0	5.149633	0	3.00e-06	5.00e-10
-66	0	0	5.148480	0	3.00e-06	5.00e-10
-67	0	0	5.148156	0	3.00e-06	5.00e-10
-68	0	0	5.145870	0	3.00e-06	5.00e-10
-69	0	0	5.140118	0	3.00e-06	5.00e-10
-70	0	0	5.128322	0	3.00e-06	5.00e-10
-71	0	0	5.119160	0	3.00e-06	5.00e-10
-72	0	0	5.113045	0	3.00e-06	5.00e-10
-73	0	0	5.107510	0	3.00e-06	5.00e-10
-74	0	0	5.103980	0	3.00e-06	5.00e-10
-75	0	0	5.101836	0	3.00e-06	5.00e-10
-76	0	0	5.099100	0	3.00e-06	5.00e-10
-77	0	0	5.095778	0	3.00e-06	5.00e-10
-78	0	0	5.094130	0	3.00e-06	5.00e-10
-79	0	0	5.084940	0	3.00e-06	5.00e-10
-80	0	0	5.083742	0	3.00e-06	5.00e-10
-81	0	0	5.082550	0	3.00e-06	5.00e-10
-82	0	0	5.080918	0	3.00e-06	5.00e-10
-83	0	0	5.078190	0	3.00e-06	5.00e-10
-84	0	0	5.076720	0	3.00e-06	5.00e-10
-85	0	0	5.075173	0	3.00e-06	5.00e-10
-86	0	0	5.071755	0	3.00e-06	5.00e-10
-87	0	0	5.070500	0	3.00e-06	5.00e-10
-88	0	0	5.069400	0	3.00e-06	5.00e-10
-89	0	0	5.067930	0	3.00e-06	5.00e-10
-90	0	0	5.067725	0	3.00e-06	5.00e-10
-91	0	0	5.064789	0	3.00e-06	5.00e-10
-92	0	0	5.063311	0	3.00e-06	5.00e-10
-93	0	0	5.062500	0	3.00e-06	5.00e-10
-94	0	0	5.063200	0	3.00e-06	5.00e-10
-95	0	0	5.063467	0	3.00e-06	5.00e-10
-96	0	0	5.062538	0	3.00e-06	5.00e-10
-97	0	0	5.061989	0	3.00e-06	5.00e-10
-98	0	0	5.061237	0	3.00e-06	5.00e-10
-99	0	0	5.062900	0	3.00e-06	5.00e-10
-100	0	0	5.061810	0	3.00e-06	5.00e-10
-101	0	0	5.062100	0	3.00e-06	5.00e-10
-102	0	0	5.063500	0	3.00e-06	5.00e-10
-103	0	0	5.063500	0	3.00e-06	5.00e-10
-104	0	0	5.063275	0	3.00e-06	5.00e-10
-105	0	0	5.063062	0	3.00e-06	5.00e-10
-106	0	0	5.062985	0	3.00e-06	5.00e-10
-107	0	0	5.062292	0	3.00e-06	5.00e-10
-108	0	0	5.060817	0	3.00e-06	5.00e-10
-109	0	0	5.060692	0	3.00e-06	5.00e-10
-110	0	0	5.060330	0	3.00e-06	5.00e-10
-111	0	0	5.060342	0	3.00e-06	5.00e-10
-112	0	0	5.059625	0	3.00e-06	5.00e-10
-113	0	0	5.059407	0	3.00e-06	5.00e-10
-114	0	0	5.059362	0	3.00e-06	5.00e-10
-115	0	0	5.058886	0	3.00e-06	5.00e-10
-116	0	0	5.059262	0	3.00e-06	5.00e-10
-117	0	0	5.059254	0	3.00e-06	5.00e-10
-118	0	0	5.059343	0	3.00e-06	5.00e-10
-119	0	0	5.059231	0	3.00e-06	5.00e-10
-120	0	0	5.057808	0	3.00e-06	5.00e-10
-121	0	0	5.057300	0	3.00e-06	5.00e-10
-122	0	0	5.057285	0	3.00e-06	5.00e-10
-123	0	0	5.057042	0	3.00e-06	5.00e-10
-124	0	0	5.057425	0	3.00e-06	5.00e-10
-125	0	0	5.056223	0	3.00e-06	5.00e-10
-126	0	0	5.056192	0	3.00e-06	5.00e-10
-127	0	0	5.056055	0	3.00e-06	5.00e-10
-128	0	0	5.056115	0	3.00e-06	5.00e-10
-129	0	0	5.056092	0	3.00e-06	5.00e-10
-130	0	0	5.055950	0	3.00e-06	5.00e-10
-131	0	0	5.055946	0	3.00e-06	5.00e-10
-132	0	0	5.055583	0	3.00e-06	5.00e-10
-133	0	0	5.054833	0	3.00e-06	5.00e-10
-134	0	0	5.054085	0	3.00e-06	5.00e-10
-135	0	0	5.052450	0	3.00e-06	5.00e-10
-136	0	0	5.050150	0	3.00e-06	5.00e-10
-137	0	0	5.047400	0	3.00e-06	5.00e-10
-138	0	0	5.046227	0	3.00e-06	5.00e-10
-139	0	0	5.044450	0	3.00e-06	5.00e-10
-140	0	0	5.043683	0	3.00e-06	5.00e-10
-141	0	0	5.040714	0	3.00e-06	5.00e-10
-142	0	0	5.037927	0	3.00e-06	5.00e-10
-143	0	0	5.034815	0	3.00e-06	5.00e-10
-144	0	0	5.035207	0	3.00e-06	5.00e-10
-145	0	0	5.032322	0	3.00e-06	5.00e-10
-146	0	0	5.028529	0	3.00e-06	5.00e-10
-147	0	0	5.026684	0	3.00e-06	5.00e-10
-148	0	0	5.027275	0	3.00e-06	5.00e-10
-149	0	0	5.027275	0	3.00e-06	5.00e-10
-150	0	0	5.027275	0	3.00e-06	5.00e-10
-151	0	0	5.027275	0	3.00e-06	5.00e-10
-152	0	0	5.027275	0	3.00e-06	5.00e-10
