  single nopoint
           lat     47.10000000000000         1.000000         0.000000    
          pair     990.0000000000000         1.000000         0.000000    
         alpha    4.8906337000000000E-03     1.000000         0.000000    
           qnn     1.250000000000000         1.000000         0.000000    
         fwind     1.000000000000000         1.000000         0.000000    
           c10    1.7000000000000000E-03     1.000000         0.000000    
            cd    2.0000000000000000E-03     1.000000         0.000000    
          fgeo    8.0000000000000000E-02     1.000000         0.000000    
          kmin    1.0000000000000000E-15     1.000000         0.000000    
            p1     1.094935320000000         1.000000         0.000000    
            p2     1.250000000000000         1.000000         0.000000    
          beta    0.3000000000000000         1.000000         0.000000    
         albsw    0.2000000000000000         1.000000         0.000000    
